node["shiva.geometry.mesh"] =
{
["name"] =
"C"
,
["index-array"] =
"4 2 1 4 3 2 4 5 3 8 5 4 8 6 5 8 7 6 8 9 7 12 9 8 12 10 9 12 11 10 12 13 11 16 13 12 16 14 13 16 15 14 16 27 15 30 27 16 30 29 27 34 31 30 31 28 30 28 29 30 29 17 27 17 18 27 18 19 27 19 20 27 20 21 27 21 22 27 22 23 27 23 24 27 24 25 27 25 26 27 34 32 31 34 33 32 34 35 33 37 35 34 37 36 35 37 38 36 40 38 37 40 39 38 40 41 39 42 41 40 42 43 41 45 43 42 45 44 43 45 46 44 47 46 45 47 48 46 50 48 47 50 49 48 50 51 49 52 51 50 52 53 51 54 53 52 54 55 53 56 55 54 56 57 55 58 57 56 58 59 57 63 59 58 63 61 59 63 65 61 70 65 63 70 68 65 70 72 68 81 72 70 81 75 72 81 78 75 81 80 78 81 82 80 83 82 81 80 82 79 79 82 77 77 82 76 76 82 74 74 82 73 73 82 71 71 82 69 69 82 67 67 82 66 66 82 64 64 82 62 62 82 60 83 84 82 87 84 83 87 85 84 87 86 85 87 88 86 91 88 87 91 89 88 91 90 89 91 92 90 96 92 91 96 93 92 96 94 93 96 95 94 97 95 96 97 98 95 "
,
["vertex-array"] =
"0.441997 -0.000421 0.136860 0.441640 -0.000421 0.154388 0.440557 -0.000421 0.172035 0.438886 -0.000421 0.083916 0.438731 -0.000421 0.189869 0.436145 -0.000421 0.207966 0.432781 -0.000421 0.226395 0.429774 -0.000421 0.033810 0.428622 -0.000421 0.245228 0.423650 -0.000421 0.264542 0.417848 -0.000421 0.284409 0.414997 -0.000421 -0.013123 0.411200 -0.000421 0.304901 0.403686 -0.000421 0.326092 0.395291 -0.000421 0.348053 0.394886 -0.000421 -0.056545 0.347794 -0.000421 0.194096 0.344478 -0.000421 0.213230 0.340177 -0.000421 0.232338 0.334872 -0.000421 0.251484 0.328546 -0.000421 0.270733 0.321182 -0.000421 0.290153 0.312762 -0.000421 0.309810 0.303270 -0.000421 0.329769 0.292687 -0.000421 0.350098 0.280997 -0.000421 0.370857 0.385997 -0.000421 0.370857 0.351535 -0.000421 0.155475 0.350140 -0.000421 0.174866 0.369774 -0.000421 -0.096123 0.351997 -0.000421 0.135860 0.349726 -0.000421 0.097740 0.343080 -0.000421 0.061546 0.339997 -0.000421 -0.131516 0.332309 -0.000421 0.027550 0.317663 -0.000421 -0.003990 0.305886 -0.000421 -0.162388 0.299393 -0.000421 -0.032806 0.277747 -0.000421 -0.058640 0.267774 -0.000421 -0.188400 0.252976 -0.000421 -0.081223 0.225997 -0.000421 -0.209221 0.225330 -0.000421 -0.100289 0.195059 -0.000421 -0.115578 0.180886 -0.000421 -0.224510 0.162413 -0.000421 -0.126827 0.132774 -0.000421 -0.233929 0.127642 -0.000421 -0.133770 0.090997 -0.000421 -0.136143 0.081997 -0.000421 -0.237141 0.053760 -0.000421 -0.133842 0.045267 -0.000421 -0.234787 0.018686 -0.000421 -0.127087 0.007159 -0.000421 -0.227657 -0.014019 -0.000421 -0.116081 -0.031456 -0.000421 -0.215637 -0.044151 -0.000421 -0.101032 -0.069707 -0.000421 -0.198620 -0.071506 -0.000421 -0.082150 -0.091003 -0.000421 0.377857 -0.095878 -0.000421 -0.059643 -0.103022 -0.000421 0.358471 -0.106721 -0.000421 -0.176491 -0.114068 -0.000421 0.338840 -0.117063 -0.000421 -0.033718 -0.124128 -0.000421 0.319015 -0.133189 -0.000421 0.299046 -0.134855 -0.000421 -0.004585 -0.141235 -0.000421 0.278976 -0.141628 -0.000421 -0.149139 -0.148253 -0.000421 0.258858 -0.149050 -0.000421 0.027546 -0.154230 -0.000421 0.238739 -0.159151 -0.000421 0.218670 -0.159443 -0.000421 0.062469 -0.163003 -0.000421 0.198700 -0.165772 -0.000421 0.178875 -0.165829 -0.000421 0.099975 -0.167443 -0.000421 0.159244 -0.168003 -0.000421 0.139858 -0.173556 -0.000421 -0.116455 -0.198003 -0.000421 0.377857 -0.201633 -0.000421 -0.078327 -0.206536 -0.000421 0.360966 -0.214601 -0.000421 0.343727 -0.222144 -0.000421 0.326046 -0.224988 -0.000421 -0.034641 -0.229114 -0.000421 0.307823 -0.235460 -0.000421 0.288959 -0.241128 -0.000421 0.269359 -0.242749 -0.000421 0.014709 -0.246067 -0.000421 0.248928 -0.250226 -0.000421 0.227566 -0.253550 -0.000421 0.205173 -0.255989 -0.000421 0.181656 -0.254045 -0.000421 0.069839 -0.258003 -0.000421 0.130859 -0.257491 -0.000421 0.156917 "
,
}
