node["shiva.geometry.mesh"] =
{
["name"] =
"E"
,
["index-array"] =
"11 4 1 4 3 1 11 5 4 11 8 5 11 10 8 11 9 10 11 12 9 4 2 3 8 7 5 8 6 7 "
,
["vertex-array"] =
"0.433917 -0.000562 -0.219456 0.345917 -0.000562 0.167545 0.433917 -0.000562 0.167545 0.345917 -0.000562 -0.121456 0.139917 -0.000562 -0.121456 0.051917 -0.000562 0.157543 0.139917 -0.000562 0.157543 0.051917 -0.000562 -0.121456 -0.160083 -0.000562 0.176544 -0.160083 -0.000562 -0.121456 -0.248083 -0.000562 -0.219456 -0.248083 -0.000562 0.176544 "
,
}
