node["shiva.geometry.mesh"] =
{
["name"] =
"X"
,
["index-array"] =
"6 2 1 6 5 2 6 7 5 8 7 6 5 4 3 5 7 4 8 10 7 10 12 7 8 9 10 11 12 10 "
,
["vertex-array"] =
"0.437554 -0.000005 -0.250061 0.437554 -0.000005 -0.131061 0.437554 -0.000005 0.295940 0.437554 -0.000005 0.413940 0.177554 -0.000005 0.082939 0.108554 -0.000005 0.022942 0.108554 -0.000005 0.141941 -0.244446 -0.000005 -0.271061 -0.244446 -0.000005 -0.152061 0.037554 -0.000005 0.082939 -0.244446 -0.000005 0.314941 -0.244446 -0.000005 0.432941 "
,
}
