node["shiva.geometry.mesh"] =
{
["name"] =
"S"
,
["index-array"] =
"4 2 1 4 3 2 4 5 3 7 5 4 7 6 5 7 8 6 10 8 7 10 9 8 10 11 9 13 11 10 13 12 11 13 14 12 16 14 13 16 15 14 16 17 15 29 17 16 29 26 17 29 28 26 32 31 29 31 27 29 27 28 29 28 18 26 18 19 26 19 20 26 20 21 26 21 22 26 22 23 26 23 24 26 24 25 26 30 31 32 34 33 32 33 30 32 40 35 34 35 33 34 40 36 35 40 37 36 40 38 37 40 39 38 40 41 39 44 41 40 44 42 41 44 43 42 44 45 43 47 45 44 47 46 45 47 48 46 50 48 47 50 49 48 50 51 49 53 51 50 53 52 51 53 54 52 55 54 53 55 56 54 58 56 55 58 57 56 58 59 57 60 59 58 60 61 59 62 61 60 62 63 61 64 63 62 64 65 63 66 65 64 66 68 65 67 68 66 69 68 67 69 71 68 70 71 69 72 71 70 72 74 71 75 74 72 75 78 74 77 78 75 80 78 77 80 84 78 82 84 80 83 84 82 86 84 83 86 90 84 88 90 86 91 90 88 91 99 90 93 99 91 95 99 93 97 99 95 100 99 97 100 103 99 102 103 100 104 103 102 104 106 103 104 102 101 104 101 98 104 98 96 104 96 94 104 94 92 104 92 89 104 89 87 104 87 85 104 85 81 104 81 79 104 79 76 104 76 73 105 106 104 107 106 105 107 108 106 109 108 107 109 111 108 110 111 109 112 111 110 112 114 111 113 114 112 115 114 113 115 117 114 116 117 115 118 117 116 118 119 117 120 119 118 121 119 120 121 122 119 "
,
["vertex-array"] =
"0.444285 -0.000532 -0.043148 0.443951 -0.000532 -0.030151 0.442952 -0.000532 -0.017166 0.442823 -0.000532 -0.073479 0.441285 -0.000532 -0.004211 0.438951 -0.000532 0.008701 0.438512 -0.000532 -0.101883 0.435951 -0.000532 0.021561 0.432285 -0.000532 0.034351 0.431457 -0.000532 -0.128223 0.427951 -0.000532 0.047058 0.422951 -0.000532 0.059666 0.421766 -0.000532 -0.152367 0.417285 -0.000532 0.072163 0.410951 -0.000532 0.084534 0.409548 -0.000532 -0.174179 0.403951 -0.000532 0.096767 0.346288 -0.000532 0.010979 0.341410 -0.000532 0.024349 0.335386 -0.000532 0.037968 0.328137 -0.000532 0.051811 0.319582 -0.000532 0.065849 0.309641 -0.000532 0.080051 0.298236 -0.000532 0.094395 0.285285 -0.000532 0.108848 0.396285 -0.000532 0.108848 0.352925 -0.000532 -0.014900 0.350100 -0.000532 -0.002113 0.394910 -0.000532 -0.193520 0.355938 -0.000532 -0.039448 0.354845 -0.000532 -0.027355 0.377959 -0.000532 -0.210258 0.356285 -0.000532 -0.051151 0.358803 -0.000532 -0.224258 0.355608 -0.000532 -0.066505 0.353618 -0.000532 -0.081020 0.350379 -0.000532 -0.094597 0.345951 -0.000532 -0.107143 0.340399 -0.000532 -0.118565 0.337550 -0.000532 -0.235382 0.333785 -0.000532 -0.128769 0.326170 -0.000532 -0.137661 0.317618 -0.000532 -0.145145 0.314308 -0.000532 -0.243496 0.308191 -0.000532 -0.151131 0.297951 -0.000532 -0.155521 0.289183 -0.000532 -0.248463 0.286962 -0.000532 -0.158226 0.275285 -0.000532 -0.159149 0.262285 -0.000532 -0.250149 0.245102 -0.000532 -0.153351 0.219238 -0.000532 -0.137302 0.218926 -0.000532 -0.244343 0.196472 -0.000532 -0.113060 0.181664 -0.000532 -0.228294 0.175581 -0.000532 -0.082672 0.155343 -0.000532 -0.048187 0.149472 -0.000532 -0.204052 0.134535 -0.000532 -0.011654 0.121322 -0.000532 -0.173664 0.111935 -0.000532 0.024879 0.096185 -0.000532 -0.139179 0.086322 -0.000532 0.059364 0.073035 -0.000532 -0.102646 0.056472 -0.000532 0.089752 0.050843 -0.000532 -0.066113 0.028581 -0.000532 -0.031628 0.021164 -0.000532 0.113995 0.005222 -0.000532 -0.001240 -0.020262 -0.000532 0.023003 -0.020824 -0.000532 0.130043 -0.048898 -0.000532 0.039051 -0.068715 -0.000532 -0.246151 -0.070715 -0.000532 0.135849 -0.081715 -0.000532 0.044849 -0.084108 -0.000532 -0.233387 -0.091390 -0.000532 0.044117 -0.096833 -0.000532 0.134193 -0.098271 -0.000532 -0.220112 -0.101280 -0.000532 0.041904 -0.111184 -0.000532 -0.206356 -0.111184 -0.000532 0.038193 -0.120900 -0.000532 0.032959 -0.121572 -0.000532 0.129341 -0.122826 -0.000532 -0.192154 -0.130228 -0.000532 0.026184 -0.133177 -0.000532 -0.177532 -0.138965 -0.000532 0.017849 -0.142215 -0.000532 -0.162525 -0.144762 -0.000532 0.121475 -0.146911 -0.000532 0.007927 -0.149920 -0.000532 -0.147167 -0.153863 -0.000532 -0.003597 -0.156271 -0.000532 -0.131485 -0.159622 -0.000532 -0.016747 -0.161246 -0.000532 -0.115513 -0.163984 -0.000532 -0.031540 -0.164826 -0.000532 -0.099277 -0.166234 -0.000532 0.110775 -0.166749 -0.000532 -0.048000 -0.166990 -0.000532 -0.082813 -0.167715 -0.000532 -0.066151 -0.185816 -0.000532 0.097424 -0.192715 -0.000532 -0.246151 -0.202988 -0.000532 -0.231830 -0.203340 -0.000532 0.081600 -0.212313 -0.000532 -0.217346 -0.218635 -0.000532 0.063484 -0.220700 -0.000532 -0.202663 -0.228160 -0.000532 -0.187740 -0.231530 -0.000532 0.043259 -0.234703 -0.000532 -0.172539 -0.240340 -0.000532 -0.157020 -0.241856 -0.000532 0.021103 -0.245082 -0.000532 -0.141151 -0.248938 -0.000532 -0.124889 -0.249442 -0.000532 -0.002804 -0.251918 -0.000532 -0.108196 -0.254119 -0.000532 -0.028282 -0.254035 -0.000532 -0.091034 -0.255297 -0.000532 -0.073364 -0.255715 -0.000532 -0.055149 "
,
}
