node["shiva.geometry.mesh"] =
{
["name"] =
"G"
,
["index-array"] =
"5 2 1 5 3 2 5 4 3 5 6 4 9 6 5 9 7 6 9 8 7 9 10 8 12 10 9 12 11 10 12 13 11 15 13 12 15 14 13 15 16 14 30 16 15 30 27 16 30 29 27 34 31 30 31 28 30 28 29 30 29 17 27 17 18 27 18 19 27 19 20 27 20 21 27 21 22 27 22 23 27 23 24 27 24 25 27 25 26 27 34 32 31 34 33 32 34 35 33 37 35 34 37 36 35 37 38 36 40 38 37 40 39 38 40 41 39 42 41 40 42 43 41 45 43 42 45 44 43 45 46 44 47 46 45 47 48 46 50 48 47 50 49 48 50 54 49 55 54 50 55 56 54 58 56 55 58 59 56 61 59 58 61 60 59 61 62 60 63 62 61 63 64 62 66 64 63 66 65 64 66 67 65 76 67 66 76 71 67 76 75 71 76 80 75 85 80 76 85 84 80 85 86 84 88 86 85 84 86 83 83 86 82 82 86 81 81 86 79 79 86 78 78 86 77 77 86 74 74 86 73 73 86 72 72 86 70 70 86 69 69 86 68 68 86 57 52 57 53 57 86 53 52 53 51 88 87 86 88 89 87 91 89 88 91 90 89 91 92 90 95 92 91 95 93 92 95 94 93 95 96 94 100 96 95 100 97 96 100 98 97 100 99 98 101 99 100 101 102 99 "
,
["vertex-array"] =
"0.443011 -0.000566 0.135322 0.442730 -0.000566 0.154865 0.441840 -0.000566 0.173668 0.440277 -0.000566 0.191994 0.439885 -0.000566 0.084427 0.437975 -0.000566 0.210098 0.434866 -0.000566 0.228245 0.430887 -0.000566 0.246693 0.430748 -0.000566 0.035988 0.425969 -0.000566 0.265705 0.420049 -0.000566 0.285542 0.415965 -0.000566 -0.009617 0.413058 -0.000566 0.306461 0.404933 -0.000566 0.328724 0.395900 -0.000566 -0.052013 0.395606 -0.000566 0.352592 0.348730 -0.000566 0.194950 0.345419 -0.000566 0.215511 0.341177 -0.000566 0.236057 0.336011 -0.000566 0.256577 0.329929 -0.000566 0.277054 0.322937 -0.000566 0.297474 0.315043 -0.000566 0.317825 0.306252 -0.000566 0.338093 0.296573 -0.000566 0.358265 0.286011 -0.000566 0.378323 0.385011 -0.000566 0.378323 0.352533 -0.000566 0.153843 0.351104 -0.000566 0.174389 0.370919 -0.000566 -0.090824 0.353011 -0.000566 0.133324 0.350702 -0.000566 0.097065 0.343956 -0.000566 0.062458 0.341387 -0.000566 -0.125679 0.333043 -0.000566 0.029797 0.318234 -0.000566 -0.000637 0.307666 -0.000566 -0.156200 0.299800 -0.000566 -0.028553 0.278012 -0.000566 -0.053673 0.270123 -0.000566 -0.182014 0.253140 -0.000566 -0.075710 0.229121 -0.000566 -0.202744 0.225456 -0.000566 -0.094379 0.195230 -0.000566 -0.109394 0.185025 -0.000566 -0.218014 0.162734 -0.000566 -0.120472 0.138201 -0.000566 -0.227451 0.128237 -0.000566 -0.127327 0.092011 -0.000566 -0.129677 0.089011 -0.000566 -0.230678 0.088012 -0.000566 0.163322 0.000012 -0.000566 0.163322 0.088012 -0.000566 0.392323 0.054985 -0.000566 -0.127346 0.040190 -0.000566 -0.227528 0.020048 -0.000566 -0.120487 0.000012 -0.000566 0.294323 -0.006063 -0.000566 -0.218304 -0.012582 -0.000566 -0.109337 -0.042692 -0.000566 -0.094124 -0.049426 -0.000566 -0.203350 -0.070066 -0.000566 -0.075077 -0.089581 -0.000566 -0.183010 -0.094489 -0.000566 -0.052429 -0.115744 -0.000566 -0.026405 -0.126208 -0.000566 -0.157631 -0.133618 -0.000566 0.002766 -0.139988 -0.000566 0.294323 -0.143671 -0.000566 0.282551 -0.147197 -0.000566 0.270721 -0.147895 -0.000566 0.034851 -0.150535 -0.000566 0.258823 -0.153655 -0.000566 0.246841 -0.156525 -0.000566 0.234764 -0.158359 -0.000566 0.069626 -0.158988 -0.000566 -0.127552 -0.159113 -0.000566 0.222572 -0.161389 -0.000566 0.210258 -0.163322 -0.000566 0.197803 -0.164795 -0.000566 0.106857 -0.164879 -0.000566 0.185196 -0.166030 -0.000566 0.172424 -0.166744 -0.000566 0.159470 -0.166989 -0.000566 0.146320 -0.187602 -0.000566 -0.093121 -0.200989 -0.000566 0.392323 -0.210493 -0.000566 0.369900 -0.211729 -0.000566 -0.054680 -0.219025 -0.000566 0.348057 -0.226614 -0.000566 0.326660 -0.231051 -0.000566 -0.012569 -0.233285 -0.000566 0.305576 -0.239067 -0.000566 0.284672 -0.243988 -0.000566 0.263817 -0.245248 -0.000566 0.032864 -0.248076 -0.000566 0.242878 -0.251359 -0.000566 0.221725 -0.253864 -0.000566 0.200226 -0.255618 -0.000566 0.178245 -0.254000 -0.000566 0.081276 -0.256988 -0.000566 0.132320 -0.256651 -0.000566 0.155655 "
,
}
