node["shiva.geometry.mesh"] =
{
["name"] =
","
,
["index-array"] =
"2 3 1 4 3 2 4 5 3 6 5 4 6 7 5 8 7 6 8 10 7 9 10 8 11 10 9 11 12 10 13 12 11 13 14 12 15 14 13 15 17 14 16 17 15 18 17 16 18 19 17 20 19 18 20 21 19 22 21 20 22 24 21 23 24 22 25 24 23 25 27 24 26 27 25 28 27 26 28 31 27 29 31 28 30 31 29 32 31 30 32 37 31 33 37 32 34 37 33 35 37 34 36 37 35 36 38 37 38 40 37 39 40 38 41 40 39 41 42 40 43 42 41 43 45 42 44 45 43 46 45 44 46 47 45 48 47 46 48 49 47 50 49 48 50 52 49 51 52 50 53 52 51 53 54 52 55 54 53 55 57 54 56 57 55 59 57 56 59 58 57 60 58 59 60 61 58 "
,
["vertex-array"] =
"-0.125338 -0.000005 -0.179222 -0.125830 -0.000005 -0.187525 -0.126120 -0.000005 -0.168791 -0.127269 -0.000005 -0.195398 -0.128426 -0.000005 -0.159031 -0.129604 -0.000005 -0.202786 -0.132197 -0.000005 -0.149986 -0.132783 -0.000005 -0.209631 -0.136753 -0.000005 -0.215879 -0.137375 -0.000005 -0.141703 -0.141463 -0.000005 -0.221474 -0.143900 -0.000005 -0.134224 -0.146861 -0.000005 -0.226360 -0.151713 -0.000005 -0.127596 -0.152894 -0.000005 -0.230482 -0.159510 -0.000005 -0.233786 -0.160755 -0.000005 -0.121864 -0.166658 -0.000005 -0.236214 -0.170968 -0.000005 -0.117073 -0.174284 -0.000005 -0.237711 -0.182291 -0.000005 -0.113268 -0.182338 -0.000005 -0.238222 -0.190353 -0.000005 -0.237812 -0.194667 -0.000005 -0.110495 -0.197875 -0.000005 -0.236607 -0.204869 -0.000005 -0.234644 -0.208035 -0.000005 -0.108797 -0.211301 -0.000005 -0.231962 -0.217136 -0.000005 -0.228600 -0.222338 -0.000005 -0.224596 -0.222338 -0.000005 -0.108221 -0.226874 -0.000005 -0.219988 -0.230708 -0.000005 -0.214813 -0.233807 -0.000005 -0.209112 -0.236134 -0.000005 -0.202921 -0.237656 -0.000005 -0.196278 -0.236725 -0.000005 -0.109011 -0.238338 -0.000005 -0.189222 -0.247625 -0.000005 -0.187410 -0.251269 -0.000005 -0.111399 -0.257385 -0.000005 -0.186472 -0.265791 -0.000005 -0.115391 -0.267463 -0.000005 -0.186409 -0.277709 -0.000005 -0.187221 -0.280116 -0.000005 -0.120996 -0.287968 -0.000005 -0.188910 -0.294066 -0.000005 -0.128227 -0.298088 -0.000005 -0.191471 -0.307463 -0.000005 -0.137094 -0.307917 -0.000005 -0.194908 -0.317301 -0.000005 -0.199221 -0.320132 -0.000005 -0.147606 -0.326088 -0.000005 -0.204409 -0.331894 -0.000005 -0.159775 -0.334125 -0.000005 -0.210470 -0.341260 -0.000005 -0.217407 -0.342573 -0.000005 -0.173611 -0.351991 -0.000005 -0.189123 -0.347338 -0.000005 -0.225222 -0.366338 -0.000005 -0.225222 -0.359972 -0.000005 -0.206324 "
,
}
