node["shiva.geometry.mesh"] =
{
["name"] =
"R"
,
["index-array"] =
"57 10 1 10 2 1 57 46 10 57 59 46 57 58 59 59 47 46 47 48 45 59 48 47 44 48 43 45 48 44 59 49 48 44 43 42 41 43 40 42 43 41 41 40 39 38 40 37 39 40 38 38 37 36 36 37 35 36 35 34 34 35 33 34 33 32 31 33 30 32 33 31 31 30 29 29 30 28 29 28 27 26 28 25 27 28 26 26 25 24 23 25 22 24 25 23 23 22 21 19 22 18 20 22 19 21 22 20 19 18 17 15 18 14 16 18 15 17 18 16 15 14 13 11 14 9 12 14 11 13 14 12 10 11 9 10 9 8 10 3 2 10 4 3 10 5 4 10 6 5 10 7 6 10 8 7 59 50 49 59 51 50 59 52 51 59 53 52 59 54 53 59 56 54 59 55 56 55 60 56 60 63 56 61 63 60 62 63 61 64 63 62 64 66 63 65 66 64 67 66 65 67 68 66 69 68 67 69 70 68 71 70 69 71 72 70 73 72 71 73 74 72 75 74 73 75 76 74 78 76 75 78 77 76 78 79 77 80 79 78 80 81 79 93 81 80 93 82 81 93 83 82 93 84 83 93 85 84 93 86 85 93 87 86 93 88 87 93 89 88 93 90 89 93 92 90 93 91 92 93 94 91 "
,
["vertex-array"] =
"0.432676 -0.000471 -0.215187 0.432676 -0.000471 -0.043186 0.431172 -0.000471 -0.009788 0.426723 -0.000471 0.021324 0.419426 -0.000471 0.050034 0.409380 -0.000471 0.076222 0.396681 -0.000471 0.099770 0.381426 -0.000471 0.120564 0.363713 -0.000471 0.138481 0.348676 -0.000471 -0.117187 0.348676 -0.000471 -0.054188 0.347872 -0.000471 -0.031612 0.345491 -0.000471 -0.011345 0.343639 -0.000471 0.153404 0.341583 -0.000471 0.006687 0.336195 -0.000471 0.022553 0.329376 -0.000471 0.036320 0.321301 -0.000471 0.165218 0.321176 -0.000471 0.048061 0.311643 -0.000471 0.057842 0.300824 -0.000471 0.065735 0.296797 -0.000471 0.173801 0.288770 -0.000471 0.071808 0.275528 -0.000471 0.076134 0.270223 -0.000471 0.179039 0.261147 -0.000471 0.078777 0.245676 -0.000471 0.079815 0.241676 -0.000471 0.180813 0.231518 -0.000471 0.079395 0.222349 -0.000471 0.179962 0.217662 -0.000471 0.077530 0.204286 -0.000471 0.074066 0.203889 -0.000471 0.177437 0.191565 -0.000471 0.068852 0.186332 -0.000471 0.173264 0.179678 -0.000471 0.061737 0.169713 -0.000471 0.167477 0.168801 -0.000471 0.052567 0.159112 -0.000471 0.041187 0.154066 -0.000471 0.160107 0.150787 -0.000471 0.027447 0.144004 -0.000471 0.011192 0.139426 -0.000471 0.151184 0.138940 -0.000471 -0.007728 0.135772 -0.000471 -0.029468 0.134676 -0.000471 -0.117187 0.134676 -0.000471 -0.054188 0.125828 -0.000471 0.140743 0.113306 -0.000471 0.128811 0.101895 -0.000471 0.115421 0.091630 -0.000471 0.100605 0.082545 -0.000471 0.084393 0.074676 -0.000471 0.066814 0.063968 -0.000471 0.081844 0.046676 -0.000471 -0.076187 0.052343 -0.000471 0.095997 -0.249324 -0.000471 -0.215187 -0.249324 -0.000471 -0.117187 0.046676 -0.000471 -0.117187 0.046280 -0.000471 -0.063843 0.044843 -0.000471 -0.051670 0.041989 -0.000471 -0.039471 0.039801 -0.000471 0.109413 0.037343 -0.000471 -0.027042 0.030530 -0.000471 -0.014183 0.026343 -0.000471 0.122227 0.021176 -0.000471 -0.000690 0.011968 -0.000471 0.134567 0.008905 -0.000471 0.013634 -0.003324 -0.000471 0.146568 -0.006657 -0.000471 0.028996 -0.019532 -0.000471 0.158360 -0.025886 -0.000471 0.045593 -0.036657 -0.000471 0.170074 -0.049157 -0.000471 0.063625 -0.054699 -0.000471 0.181847 -0.073657 -0.000471 0.193806 -0.076845 -0.000471 0.083298 -0.093532 -0.000471 0.206085 -0.109324 -0.000471 0.104813 -0.114324 -0.000471 0.218815 -0.125612 -0.000471 0.225845 -0.136129 -0.000471 0.232514 -0.146105 -0.000471 0.238976 -0.155768 -0.000471 0.245373 -0.165348 -0.000471 0.251854 -0.175074 -0.000471 0.258564 -0.185174 -0.000471 0.265652 -0.195879 -0.000471 0.273258 -0.207418 -0.000471 0.281532 -0.233911 -0.000471 0.300663 -0.220018 -0.000471 0.290619 -0.249324 -0.000471 0.194813 -0.249324 -0.000471 0.311813 "
,
}
