node["shiva.geometry.mesh"] =
{
["name"] =
"("
,
["index-array"] =
"3 2 1 3 4 2 5 4 3 5 6 4 7 6 5 7 8 6 9 8 7 9 10 8 11 10 9 11 12 10 14 12 11 14 13 12 14 15 13 16 15 14 16 17 15 18 17 16 18 19 17 20 19 18 20 21 19 22 21 20 22 23 21 24 23 22 24 26 23 25 26 24 27 26 25 27 28 26 29 28 27 29 30 28 31 30 29 31 32 30 33 32 31 33 34 32 35 34 33 35 36 34 37 36 35 37 38 36 40 38 37 40 39 38 40 41 39 42 41 40 42 43 41 44 43 42 44 45 43 46 45 44 46 48 45 47 48 46 47 50 48 49 50 47 "
,
["vertex-array"] =
"0.454509 0.000000 -0.023363 0.454509 0.000000 0.029636 0.423839 0.000000 -0.052178 0.421776 0.000000 0.006427 0.390981 0.000000 -0.079053 0.388065 0.000000 -0.014710 0.356165 0.000000 -0.103879 0.353353 0.000000 -0.033785 0.319620 0.000000 -0.126549 0.317620 0.000000 -0.050807 0.281575 0.000000 -0.146955 0.280846 0.000000 -0.065788 0.243009 0.000000 -0.078738 0.242259 0.000000 -0.164989 0.204089 0.000000 -0.089667 0.201901 0.000000 -0.180544 0.164065 0.000000 -0.098586 0.160731 0.000000 -0.193512 0.122915 0.000000 -0.105504 0.118978 0.000000 -0.203786 0.080620 0.000000 -0.110433 0.076870 0.000000 -0.211258 0.037158 0.000000 -0.113382 0.034638 0.000000 -0.215820 -0.007491 0.000000 -0.217363 -0.007491 0.000000 -0.114364 -0.049619 0.000000 -0.215818 -0.052140 0.000000 -0.113383 -0.091852 0.000000 -0.211256 -0.095602 0.000000 -0.110433 -0.133960 0.000000 -0.203784 -0.137897 0.000000 -0.105505 -0.175713 0.000000 -0.193510 -0.179046 0.000000 -0.098587 -0.216883 0.000000 -0.180542 -0.219071 0.000000 -0.089668 -0.257241 0.000000 -0.164987 -0.257991 0.000000 -0.078739 -0.295828 0.000000 -0.065789 -0.296557 0.000000 -0.146953 -0.332602 0.000000 -0.050808 -0.334602 0.000000 -0.126547 -0.368335 0.000000 -0.033786 -0.371147 0.000000 -0.103877 -0.403046 0.000000 -0.014711 -0.405963 0.000000 -0.079051 -0.438821 0.000000 -0.052176 -0.436758 0.000000 0.006426 -0.469491 0.000000 -0.023363 -0.469491 0.000000 0.029636 "
,
}
