node["shiva.geometry.mesh"] =
{
["name"] =
"W"
,
["index-array"] =
"9 2 1 9 11 2 9 10 11 11 4 3 11 8 4 11 10 8 8 7 4 12 7 8 7 6 5 7 13 6 12 13 7 "
,
["vertex-array"] =
"0.435920 -0.000006 -0.278461 0.435920 -0.000006 -0.180462 0.435920 -0.000006 0.196537 0.435920 -0.000006 0.289539 0.435920 -0.000006 0.665539 0.435920 -0.000006 0.762539 -0.034080 -0.000006 0.479538 0.305920 -0.000006 0.242538 -0.252080 -0.000006 -0.002460 -0.252080 -0.000006 0.016537 -0.034080 -0.000006 0.007538 -0.252080 -0.000006 0.466538 -0.252080 -0.000006 0.485539 "
,
}
