node["shiva.geometry.mesh"] =
{
["name"] =
":"
,
["index-array"] =
"2 3 1 4 3 2 4 5 3 6 5 4 6 7 5 8 7 6 8 9 7 10 9 8 10 11 9 12 11 10 12 13 11 14 13 12 14 15 13 16 15 14 16 17 15 18 17 16 18 19 17 20 19 18 20 21 19 23 21 20 23 22 21 23 25 22 24 25 23 26 25 24 26 27 25 28 27 26 28 29 27 30 29 28 30 31 29 32 31 30 32 33 31 34 33 32 34 35 33 36 35 34 36 37 35 38 37 36 38 39 37 40 39 38 40 41 39 42 41 40 42 43 41 44 43 42 44 45 43 48 45 44 48 47 45 46 47 48 51 50 49 51 52 50 53 52 51 53 54 52 55 54 53 55 56 54 57 56 55 57 58 56 59 58 57 59 60 58 61 60 59 61 62 60 63 62 61 63 64 62 65 64 63 65 66 64 67 66 65 67 68 66 69 68 67 69 70 68 71 70 69 71 73 70 72 73 71 75 73 72 75 74 73 75 76 74 77 76 75 77 78 76 79 78 77 79 80 78 81 80 79 81 82 80 83 82 81 83 84 82 85 84 83 85 86 84 87 86 85 87 88 86 89 88 87 89 90 88 91 90 89 91 92 90 94 92 91 94 93 92 95 93 94 95 96 93 "
,
["vertex-array"] =
"-0.136702 -0.000005 -0.168812 -0.137253 -0.000005 -0.176924 -0.137253 -0.000005 -0.160702 -0.138855 -0.000005 -0.184713 -0.138855 -0.000005 -0.152912 -0.141437 -0.000005 -0.192108 -0.141437 -0.000005 -0.145517 -0.144925 -0.000005 -0.199034 -0.144925 -0.000005 -0.138592 -0.149246 -0.000005 -0.205418 -0.149246 -0.000005 -0.132208 -0.154327 -0.000005 -0.211187 -0.154327 -0.000005 -0.126438 -0.160096 -0.000005 -0.216268 -0.160096 -0.000005 -0.121357 -0.166480 -0.000005 -0.220591 -0.166480 -0.000005 -0.117035 -0.173405 -0.000005 -0.224079 -0.173405 -0.000005 -0.113546 -0.180799 -0.000005 -0.226662 -0.180799 -0.000005 -0.110964 -0.188589 -0.000005 -0.109362 -0.188589 -0.000005 -0.228264 -0.196702 -0.000005 -0.228811 -0.196702 -0.000005 -0.108810 -0.204815 -0.000005 -0.228260 -0.204815 -0.000005 -0.109358 -0.212605 -0.000005 -0.226658 -0.212605 -0.000005 -0.110960 -0.219999 -0.000005 -0.224075 -0.219999 -0.000005 -0.113542 -0.226924 -0.000005 -0.220587 -0.226924 -0.000005 -0.117031 -0.233308 -0.000005 -0.216265 -0.233308 -0.000005 -0.121353 -0.239077 -0.000005 -0.211184 -0.239077 -0.000005 -0.126434 -0.244159 -0.000005 -0.205414 -0.244159 -0.000005 -0.132204 -0.248480 -0.000005 -0.199030 -0.248480 -0.000005 -0.138588 -0.251968 -0.000005 -0.192104 -0.251968 -0.000005 -0.145514 -0.254550 -0.000005 -0.184710 -0.254550 -0.000005 -0.152908 -0.256702 -0.000005 -0.168812 -0.256152 -0.000005 -0.160698 -0.256152 -0.000005 -0.176920 0.210298 -0.000005 -0.168812 0.209747 -0.000005 -0.160702 0.209747 -0.000005 -0.176924 0.208145 -0.000005 -0.152912 0.208145 -0.000005 -0.184713 0.205563 -0.000005 -0.145517 0.205563 -0.000005 -0.192108 0.202075 -0.000005 -0.138592 0.202075 -0.000005 -0.199034 0.197754 -0.000005 -0.132208 0.197754 -0.000005 -0.205418 0.192673 -0.000005 -0.126438 0.192673 -0.000005 -0.211187 0.186904 -0.000005 -0.121357 0.186904 -0.000005 -0.216268 0.180520 -0.000005 -0.117035 0.180520 -0.000005 -0.220591 0.173595 -0.000005 -0.113546 0.173595 -0.000005 -0.224079 0.166201 -0.000005 -0.110964 0.166200 -0.000005 -0.226662 0.158411 -0.000005 -0.109362 0.158411 -0.000005 -0.228264 0.150298 -0.000005 -0.228811 0.150298 -0.000005 -0.108810 0.142185 -0.000005 -0.109358 0.142185 -0.000005 -0.228260 0.134395 -0.000005 -0.110960 0.134395 -0.000005 -0.226658 0.127001 -0.000005 -0.113542 0.127001 -0.000005 -0.224075 0.120076 -0.000005 -0.117031 0.120076 -0.000005 -0.220587 0.113692 -0.000005 -0.121353 0.113692 -0.000005 -0.216265 0.107923 -0.000005 -0.126434 0.107923 -0.000005 -0.211184 0.102841 -0.000005 -0.132204 0.102841 -0.000005 -0.205414 0.098520 -0.000005 -0.138588 0.098520 -0.000005 -0.199030 0.095032 -0.000005 -0.145514 0.095032 -0.000005 -0.192104 0.092450 -0.000005 -0.152908 0.090848 -0.000005 -0.160698 0.092450 -0.000005 -0.184710 0.090848 -0.000005 -0.176920 0.090298 -0.000005 -0.168812 "
,
}
