node["shiva.geometry.mesh"] =
{
["name"] =
"?"
,
["index-array"] =
"23 2 1 23 3 2 23 4 3 23 5 4 23 6 5 23 8 6 23 20 8 23 21 20 23 25 21 23 24 25 20 7 8 7 9 8 9 13 8 9 10 13 10 11 13 11 12 13 12 14 13 14 16 13 14 15 16 15 17 16 17 26 16 18 26 17 19 26 18 22 26 19 27 26 22 27 30 26 28 30 27 29 30 28 31 30 29 31 33 30 32 33 31 34 33 32 34 36 33 35 36 34 37 36 35 37 40 36 38 40 37 39 40 38 41 40 39 41 42 40 43 42 41 43 45 42 44 45 43 46 45 44 46 48 45 47 48 46 49 48 47 49 50 48 51 50 49 51 52 50 53 52 51 53 55 52 54 55 53 56 55 54 56 57 55 58 57 56 58 60 57 59 60 58 61 60 59 61 63 60 62 63 61 64 63 62 64 68 63 65 68 64 66 68 65 67 68 66 69 68 67 69 72 68 70 72 69 73 72 70 71 72 73 75 76 74 77 76 75 77 78 76 79 78 77 79 80 78 81 80 79 81 82 80 83 82 81 83 84 82 85 84 83 85 86 84 87 86 85 87 88 86 89 88 87 89 90 88 91 90 89 91 92 90 93 92 91 93 94 92 96 94 93 96 95 94 96 98 95 97 98 96 99 98 97 99 100 98 101 100 99 101 102 100 103 102 101 103 104 102 105 104 103 105 106 104 107 106 105 107 108 106 109 108 107 109 110 108 111 110 109 111 112 110 113 112 111 113 114 112 115 114 113 115 116 114 117 116 115 117 119 116 118 119 117 118 121 119 120 121 118 "
,
["vertex-array"] =
"0.444286 -0.000006 -0.168657 0.442846 -0.000006 -0.140699 0.438268 -0.000006 -0.115757 0.430911 -0.000006 -0.093718 0.421138 -0.000006 -0.074471 0.409309 -0.000006 -0.057903 0.351394 -0.000006 -0.200502 0.395786 -0.000006 -0.043905 0.352036 -0.000006 -0.197031 0.352637 -0.000006 -0.193373 0.353175 -0.000006 -0.189508 0.353630 -0.000006 -0.185423 0.380930 -0.000006 -0.032366 0.353981 -0.000006 -0.181097 0.354206 -0.000006 -0.176514 0.365101 -0.000006 -0.023174 0.354286 -0.000006 -0.171658 0.353732 -0.000006 -0.161957 0.352101 -0.000006 -0.152880 0.350731 -0.000006 -0.203804 0.350067 -0.000006 -0.206953 0.349443 -0.000006 -0.144470 0.348286 -0.000006 -0.215656 0.348824 -0.000006 -0.212862 0.349425 -0.000006 -0.209967 0.348661 -0.000006 -0.016218 0.345805 -0.000006 -0.136768 0.341237 -0.000006 -0.129816 0.335786 -0.000006 -0.123657 0.331971 -0.000006 -0.011387 0.329503 -0.000006 -0.118330 0.322434 -0.000006 -0.113878 0.315393 -0.000006 -0.008570 0.314630 -0.000006 -0.110344 0.306138 -0.000006 -0.107767 0.299286 -0.000006 -0.007656 0.297007 -0.000006 -0.106192 0.287286 -0.000006 -0.105658 0.264941 -0.000006 -0.107860 0.262443 -0.000006 -0.010893 0.243272 -0.000006 -0.113953 0.226874 -0.000006 -0.019812 0.222083 -0.000006 -0.123155 0.201175 -0.000006 -0.134693 0.192521 -0.000006 -0.033216 0.180350 -0.000006 -0.147785 0.159411 -0.000006 -0.161655 0.159323 -0.000006 -0.049913 0.138159 -0.000006 -0.175526 0.127223 -0.000006 -0.068708 0.116397 -0.000006 -0.188618 0.096161 -0.000006 -0.088406 0.093927 -0.000006 -0.200155 0.070550 -0.000006 -0.209358 0.066078 -0.000006 -0.107811 0.046069 -0.000006 -0.215450 0.036916 -0.000006 -0.125730 0.020286 -0.000006 -0.217657 0.009424 -0.000006 -0.217298 0.008614 -0.000006 -0.140968 -0.000695 -0.000006 -0.216204 -0.010120 -0.000006 -0.214344 -0.018885 -0.000006 -0.152332 -0.018899 -0.000006 -0.211693 -0.027081 -0.000006 -0.208223 -0.034714 -0.000006 -0.203907 -0.041847 -0.000006 -0.198715 -0.045641 -0.000006 -0.158626 -0.048529 -0.000006 -0.192621 -0.054807 -0.000006 -0.185596 -0.066351 -0.000006 -0.168642 -0.071714 -0.000006 -0.158657 -0.060732 -0.000006 -0.177612 -0.135714 -0.000006 -0.143658 -0.136264 -0.000006 -0.151770 -0.136264 -0.000006 -0.135548 -0.137867 -0.000006 -0.159559 -0.137867 -0.000006 -0.127758 -0.140448 -0.000006 -0.166954 -0.140448 -0.000006 -0.120363 -0.143936 -0.000006 -0.173880 -0.143936 -0.000006 -0.113438 -0.148257 -0.000006 -0.180264 -0.148257 -0.000006 -0.107054 -0.153339 -0.000006 -0.186033 -0.153339 -0.000006 -0.101284 -0.159108 -0.000006 -0.191114 -0.159108 -0.000006 -0.096203 -0.165492 -0.000006 -0.195436 -0.165492 -0.000006 -0.091881 -0.172417 -0.000006 -0.198925 -0.172417 -0.000006 -0.088392 -0.179811 -0.000006 -0.201507 -0.179811 -0.000006 -0.085810 -0.187601 -0.000006 -0.084208 -0.187601 -0.000006 -0.203110 -0.195714 -0.000006 -0.203657 -0.195714 -0.000006 -0.083656 -0.203827 -0.000006 -0.203106 -0.203827 -0.000006 -0.084204 -0.211617 -0.000006 -0.201504 -0.211617 -0.000006 -0.085806 -0.219011 -0.000006 -0.198921 -0.219011 -0.000006 -0.088388 -0.225936 -0.000006 -0.195433 -0.225936 -0.000006 -0.091877 -0.232320 -0.000006 -0.191111 -0.232320 -0.000006 -0.096199 -0.238089 -0.000006 -0.186029 -0.238089 -0.000006 -0.101280 -0.243170 -0.000006 -0.180260 -0.243170 -0.000006 -0.107050 -0.247491 -0.000006 -0.173876 -0.247491 -0.000006 -0.113434 -0.250979 -0.000006 -0.166950 -0.250979 -0.000006 -0.120359 -0.253561 -0.000006 -0.159555 -0.255163 -0.000006 -0.151766 -0.253561 -0.000006 -0.127754 -0.255714 -0.000006 -0.143658 -0.255163 -0.000006 -0.135544 "
,
}
