node["shiva.geometry.mesh"] =
{
["name"] =
")"
,
["index-array"] =
"4 2 1 4 3 2 4 5 3 6 5 4 6 7 5 8 7 6 8 9 7 10 9 8 10 11 9 12 11 10 12 14 11 13 14 12 15 14 13 15 16 14 17 16 15 17 18 16 19 18 17 19 20 18 21 20 19 21 22 20 23 22 21 23 24 22 25 24 23 25 26 24 28 26 25 28 27 26 28 29 27 30 29 28 30 31 29 32 31 30 32 33 31 34 33 32 34 35 33 36 35 34 36 37 35 38 37 36 38 40 37 39 40 38 41 40 39 41 42 40 43 42 41 43 44 42 45 44 43 45 46 44 48 46 45 48 47 46 49 47 48 49 50 47 "
,
["vertex-array"] =
"0.454654 0.000000 -0.250020 0.454654 0.000000 -0.197021 0.423984 0.000000 -0.168207 0.421922 0.000000 -0.226810 0.391126 0.000000 -0.141333 0.388210 0.000000 -0.205672 0.356310 0.000000 -0.116507 0.353498 0.000000 -0.186598 0.319765 0.000000 -0.093837 0.317765 0.000000 -0.169576 0.281720 0.000000 -0.073431 0.280991 0.000000 -0.154594 0.243154 0.000000 -0.141644 0.242404 0.000000 -0.055397 0.204234 0.000000 -0.130715 0.202047 0.000000 -0.039842 0.164210 0.000000 -0.121797 0.160876 0.000000 -0.026874 0.123061 0.000000 -0.114879 0.119123 0.000000 -0.016600 0.080765 0.000000 -0.109950 0.077015 0.000000 -0.009128 0.037304 0.000000 -0.107000 0.034783 0.000000 -0.004565 -0.007346 0.000000 -0.106020 -0.007346 0.000000 -0.003020 -0.049474 0.000000 -0.004563 -0.051995 0.000000 -0.107001 -0.091707 0.000000 -0.009126 -0.095457 0.000000 -0.109951 -0.133814 0.000000 -0.016598 -0.137752 0.000000 -0.114880 -0.175568 0.000000 -0.026872 -0.178901 0.000000 -0.121798 -0.216738 0.000000 -0.039840 -0.218926 0.000000 -0.130716 -0.257096 0.000000 -0.055395 -0.257846 0.000000 -0.141645 -0.295682 0.000000 -0.154595 -0.296412 0.000000 -0.073429 -0.332457 0.000000 -0.169577 -0.334457 0.000000 -0.093835 -0.368190 0.000000 -0.186599 -0.371002 0.000000 -0.116505 -0.402901 0.000000 -0.205673 -0.405818 0.000000 -0.141331 -0.438676 0.000000 -0.168205 -0.436613 0.000000 -0.226810 -0.469346 0.000000 -0.250020 -0.469346 0.000000 -0.197021 "
,
}
