node["shiva.geometry.mesh"] =
{
["name"] =
"~"
,
["index-array"] =
"3 2 1 3 4 2 5 4 3 5 6 4 7 6 5 7 8 6 10 8 7 10 9 8 10 12 9 13 12 10 13 14 12 16 14 13 16 17 14 19 17 16 19 18 17 19 21 18 22 21 19 22 23 21 26 23 22 26 25 23 26 28 25 29 28 26 29 30 28 33 30 29 33 32 30 33 35 32 49 35 33 49 36 35 49 50 36 52 50 49 52 53 50 48 52 49 52 62 53 62 54 53 62 56 54 62 58 56 62 60 58 62 61 60 62 69 61 63 69 62 61 69 59 59 69 57 57 69 55 55 69 51 51 69 37 37 69 34 34 69 31 31 69 27 27 69 24 24 69 20 20 69 15 15 69 11 64 69 63 65 69 64 66 69 65 67 69 66 68 69 67 70 69 68 70 72 69 71 72 70 73 72 71 73 75 72 74 75 73 76 75 74 76 77 75 78 77 76 78 80 77 79 80 78 81 80 79 81 82 80 83 82 81 83 85 82 84 85 83 86 85 84 86 87 85 88 87 86 88 89 87 90 89 88 90 92 89 91 92 90 93 92 91 93 94 92 96 94 93 96 95 94 97 95 96 97 98 95 38 39 49 39 40 49 40 41 49 41 42 49 42 43 49 43 44 49 44 45 49 45 46 49 46 47 49 47 48 49 "
,
["vertex-array"] =
"0.097094 -0.000005 -0.088245 0.096709 -0.000005 -0.077965 0.096523 -0.000005 -0.101700 0.095599 -0.000005 -0.067600 0.094854 -0.000005 -0.115047 0.093829 -0.000005 -0.057175 0.092157 -0.000005 -0.128262 0.091465 -0.000005 -0.046696 0.088573 -0.000005 -0.036175 0.088502 -0.000005 -0.141319 0.088094 -0.000005 0.297756 0.085219 -0.000005 -0.025623 0.083958 -0.000005 -0.154198 0.081470 -0.000005 -0.015053 0.079424 -0.000005 0.286808 0.078594 -0.000005 -0.166870 0.077391 -0.000005 -0.004471 0.073047 -0.000005 0.006111 0.072481 -0.000005 -0.179314 0.070979 -0.000005 0.275509 0.068506 -0.000005 0.016682 0.065687 -0.000005 -0.191505 0.063833 -0.000005 0.027233 0.062860 -0.000005 0.263927 0.059094 -0.000005 0.037754 0.058282 -0.000005 -0.203419 0.055168 -0.000005 0.252125 0.054355 -0.000005 0.048229 0.050335 -0.000005 -0.215031 0.049682 -0.000005 0.058655 0.048005 -0.000005 0.240169 0.045141 -0.000005 0.069019 0.041916 -0.000005 -0.226314 0.041469 -0.000005 0.228126 0.040798 -0.000005 0.079308 0.036719 -0.000005 0.089516 0.035663 -0.000005 0.216064 -0.049906 -0.000005 -0.237244 -0.040815 -0.000005 -0.225304 -0.032096 -0.000005 -0.213463 -0.023828 -0.000005 -0.201698 -0.016091 -0.000005 -0.189987 -0.008965 -0.000005 -0.178303 -0.002531 -0.000005 -0.166622 0.003133 -0.000005 -0.154919 0.007946 -0.000005 -0.143173 0.011829 -0.000005 -0.131355 0.014701 -0.000005 -0.119446 0.033094 -0.000005 -0.237244 0.032969 -0.000005 0.099628 0.030687 -0.000005 0.204048 0.016483 -0.000005 -0.107418 0.029616 -0.000005 0.109638 0.026724 -0.000005 0.119534 0.026641 -0.000005 0.192142 0.024360 -0.000005 0.129303 0.023627 -0.000005 0.180412 0.022590 -0.000005 0.138935 0.021744 -0.000005 0.168926 0.021479 -0.000005 0.148422 0.021094 -0.000005 0.157753 0.017094 -0.000005 -0.095245 0.016709 -0.000005 -0.085896 0.015599 -0.000005 -0.076351 0.013829 -0.000005 -0.066624 0.011465 -0.000005 -0.056732 0.008573 -0.000005 -0.046684 0.005219 -0.000005 -0.036499 0.005094 -0.000005 0.297756 0.001470 -0.000005 -0.026188 -0.002609 -0.000005 -0.015766 -0.003517 -0.000005 0.287262 -0.006953 -0.000005 -0.005249 -0.011494 -0.000005 0.005352 -0.011799 -0.000005 0.276314 -0.016167 -0.000005 0.016026 -0.019671 -0.000005 0.264957 -0.020906 -0.000005 0.026756 -0.025645 -0.000005 0.037292 -0.027054 -0.000005 0.253235 -0.030318 -0.000005 0.047890 -0.033867 -0.000005 0.241192 -0.034859 -0.000005 0.058521 -0.039202 -0.000005 0.069164 -0.040031 -0.000005 0.228878 -0.043281 -0.000005 0.079792 -0.045465 -0.000005 0.216335 -0.047031 -0.000005 0.090382 -0.050091 -0.000005 0.203606 -0.050384 -0.000005 0.100910 -0.053276 -0.000005 0.111351 -0.053828 -0.000005 0.190739 -0.055640 -0.000005 0.121681 -0.056596 -0.000005 0.177776 -0.058315 -0.000005 0.164768 -0.057410 -0.000005 0.131874 -0.058521 -0.000005 0.141907 -0.058906 -0.000005 0.151756 "
,
}
