node["shiva.geometry.mesh"] =
{
["name"] =
";"
,
["index-array"] =
"2 3 1 4 3 2 4 5 3 6 5 4 6 8 5 7 8 6 9 8 7 9 10 8 11 10 9 11 12 10 13 12 11 13 14 12 15 14 13 15 17 14 16 17 15 18 17 16 18 19 17 20 19 18 20 21 19 22 21 20 22 23 21 24 23 22 24 26 23 25 26 24 27 26 25 27 29 26 28 29 27 30 29 28 30 34 29 31 34 30 32 34 31 33 34 32 35 34 33 35 39 34 36 39 35 37 39 36 38 39 37 40 39 38 40 42 39 41 42 40 43 42 41 43 45 42 44 45 43 46 45 44 46 47 45 48 47 46 48 50 47 49 50 48 51 50 49 51 53 50 52 53 51 54 53 52 54 55 53 56 55 54 56 57 55 58 57 56 58 61 57 59 61 58 59 60 61 64 63 62 64 65 63 66 65 64 66 67 65 68 67 66 68 69 67 70 69 68 70 71 69 72 71 70 72 73 71 74 73 72 74 75 73 76 75 74 76 77 75 78 77 76 78 79 77 80 79 78 80 81 79 82 81 80 82 83 81 84 83 82 84 86 83 85 86 84 88 86 85 88 87 86 88 89 87 90 89 88 90 91 89 92 91 90 92 93 91 94 93 92 94 95 93 96 95 94 96 97 95 98 97 96 98 99 97 100 99 98 100 101 99 102 101 100 102 103 101 104 103 102 104 105 103 107 105 104 107 106 105 108 106 107 108 109 106 "
,
["vertex-array"] =
"-0.118638 -0.000004 -0.160261 -0.119074 -0.000004 -0.168585 -0.119494 -0.000004 -0.150330 -0.120379 -0.000004 -0.176512 -0.121985 -0.000004 -0.141062 -0.122544 -0.000004 -0.183981 -0.125564 -0.000004 -0.190929 -0.125997 -0.000004 -0.132496 -0.129431 -0.000004 -0.197294 -0.131416 -0.000004 -0.124668 -0.134138 -0.000004 -0.203012 -0.138126 -0.000004 -0.117619 -0.139678 -0.000004 -0.208023 -0.146013 -0.000004 -0.111385 -0.146046 -0.000004 -0.212263 -0.153232 -0.000004 -0.215670 -0.154963 -0.000004 -0.106007 -0.161231 -0.000004 -0.218180 -0.164860 -0.000004 -0.101521 -0.170035 -0.000004 -0.219732 -0.175591 -0.000004 -0.097965 -0.179638 -0.000004 -0.220261 -0.187041 -0.000004 -0.095379 -0.187445 -0.000004 -0.219830 -0.194842 -0.000004 -0.218557 -0.199095 -0.000004 -0.093798 -0.201794 -0.000004 -0.216480 -0.208268 -0.000004 -0.213633 -0.211638 -0.000004 -0.093262 -0.214227 -0.000004 -0.210049 -0.219638 -0.000004 -0.205763 -0.224466 -0.000004 -0.200809 -0.228675 -0.000004 -0.195225 -0.229774 -0.000004 -0.094091 -0.232232 -0.000004 -0.189043 -0.235101 -0.000004 -0.182299 -0.237248 -0.000004 -0.175026 -0.238638 -0.000004 -0.167261 -0.247138 -0.000004 -0.096567 -0.248478 -0.000004 -0.166845 -0.258022 -0.000004 -0.166683 -0.263669 -0.000004 -0.100668 -0.267310 -0.000004 -0.166903 -0.276379 -0.000004 -0.167633 -0.279305 -0.000004 -0.106373 -0.285267 -0.000004 -0.169003 -0.293982 -0.000004 -0.113661 -0.294013 -0.000004 -0.171139 -0.302655 -0.000004 -0.174172 -0.307638 -0.000004 -0.122511 -0.311231 -0.000004 -0.178228 -0.319779 -0.000004 -0.183437 -0.320211 -0.000004 -0.132904 -0.328337 -0.000004 -0.189928 -0.331638 -0.000004 -0.144817 -0.336944 -0.000004 -0.197828 -0.341857 -0.000004 -0.158230 -0.345638 -0.000004 -0.207260 -0.364638 -0.000004 -0.207260 -0.358419 -0.000004 -0.189472 -0.350805 -0.000004 -0.173122 0.208362 -0.000004 -0.159262 0.207812 -0.000004 -0.151152 0.207812 -0.000004 -0.167374 0.206209 -0.000004 -0.143362 0.206209 -0.000004 -0.175163 0.203628 -0.000004 -0.135967 0.203627 -0.000004 -0.182558 0.200140 -0.000004 -0.129042 0.200140 -0.000004 -0.189484 0.195819 -0.000004 -0.122658 0.195818 -0.000004 -0.195867 0.190737 -0.000004 -0.116888 0.190737 -0.000004 -0.201637 0.184968 -0.000004 -0.111807 0.184968 -0.000004 -0.206719 0.178584 -0.000004 -0.107485 0.178584 -0.000004 -0.211040 0.171659 -0.000004 -0.103996 0.171659 -0.000004 -0.214529 0.164265 -0.000004 -0.101414 0.164265 -0.000004 -0.217112 0.156475 -0.000004 -0.099812 0.156475 -0.000004 -0.218714 0.148362 -0.000004 -0.219261 0.148362 -0.000004 -0.099260 0.140249 -0.000004 -0.099808 0.140249 -0.000004 -0.218710 0.132459 -0.000004 -0.101410 0.132459 -0.000004 -0.217108 0.125065 -0.000004 -0.103992 0.125065 -0.000004 -0.214525 0.118140 -0.000004 -0.107481 0.118140 -0.000004 -0.211037 0.111756 -0.000004 -0.111803 0.111756 -0.000004 -0.206715 0.105987 -0.000004 -0.116884 0.105987 -0.000004 -0.201633 0.100905 -0.000004 -0.122654 0.100905 -0.000004 -0.195864 0.096584 -0.000004 -0.129038 0.096584 -0.000004 -0.189480 0.093096 -0.000004 -0.135963 0.093096 -0.000004 -0.182554 0.090515 -0.000004 -0.143358 0.088912 -0.000004 -0.151148 0.090515 -0.000004 -0.175159 0.088912 -0.000004 -0.167370 0.088362 -0.000004 -0.159262 "
,
}
