node["shiva.geometry.mesh"] =
{
["name"] =
"B"
,
["index-array"] =
"105 10 1 10 2 1 10 3 2 10 4 3 10 5 4 10 6 5 10 7 6 10 8 7 10 9 8 10 11 9 105 48 10 11 13 9 12 13 11 14 13 12 14 18 13 15 18 14 16 18 15 17 18 16 19 18 17 19 21 18 20 21 19 22 21 20 22 24 21 23 24 22 25 24 23 25 27 24 26 27 25 28 27 26 28 29 27 30 29 28 30 31 29 32 31 30 32 33 31 34 33 32 34 35 33 36 35 34 36 37 35 38 37 36 38 39 37 40 39 38 40 42 39 41 42 40 43 42 41 43 44 42 45 44 43 45 50 44 46 50 45 47 50 46 49 50 47 60 50 49 60 51 50 60 49 48 105 60 48 105 96 60 105 97 96 105 98 97 105 99 98 105 100 99 105 101 100 105 102 101 105 104 102 105 103 104 105 106 103 97 98 95 94 98 93 95 98 94 94 93 92 90 93 89 91 93 90 92 93 91 90 89 88 87 89 86 88 89 87 87 86 85 84 86 83 85 86 84 84 83 82 82 83 81 82 81 80 79 81 78 80 81 79 79 78 77 76 78 75 77 78 76 76 75 74 74 75 73 74 73 72 71 73 70 72 73 71 71 70 69 68 70 67 69 70 68 68 67 66 65 67 64 66 67 65 65 64 63 61 64 59 62 64 61 63 64 62 60 61 59 60 59 58 60 52 51 60 53 52 60 54 53 60 55 54 60 56 55 60 57 56 60 58 57 "
,
["vertex-array"] =
"0.433850 -0.000447 -0.234077 0.433850 -0.000447 -0.036079 0.432069 -0.000447 -0.001068 0.426933 -0.000447 0.030518 0.418756 -0.000447 0.058750 0.407850 -0.000447 0.083698 0.394527 -0.000447 0.105438 0.379100 -0.000447 0.124046 0.361881 -0.000447 0.139591 0.345850 -0.000447 -0.136078 0.345850 -0.000447 -0.046078 0.344955 -0.000447 -0.024830 0.343183 -0.000447 0.152145 0.342355 -0.000447 -0.006012 0.338178 -0.000447 0.010487 0.332554 -0.000447 0.024776 0.325610 -0.000447 0.036968 0.323319 -0.000447 0.161781 0.317475 -0.000447 0.047173 0.308278 -0.000447 0.055504 0.302600 -0.000447 0.168575 0.298146 -0.000447 0.062073 0.287209 -0.000447 0.066986 0.281339 -0.000447 0.172600 0.275595 -0.000447 0.070358 0.263433 -0.000447 0.072300 0.259850 -0.000447 0.173923 0.250850 -0.000447 0.072922 0.242616 -0.000447 0.173237 0.233370 -0.000447 0.071941 0.226396 -0.000447 0.171154 0.217429 -0.000447 0.068993 0.211162 -0.000447 0.167660 0.203022 -0.000447 0.064064 0.196887 -0.000447 0.162739 0.190146 -0.000447 0.057144 0.183542 -0.000447 0.156376 0.178798 -0.000447 0.048225 0.171100 -0.000447 0.148548 0.168975 -0.000447 0.037296 0.160672 -0.000447 0.024345 0.159533 -0.000447 0.139244 0.153887 -0.000447 0.009365 0.148813 -0.000447 0.128441 0.148615 -0.000447 -0.007656 0.144855 -0.000447 -0.026730 0.142601 -0.000447 -0.047867 0.141850 -0.000447 -0.136078 0.141850 -0.000447 -0.071079 0.138912 -0.000447 0.116127 0.129804 -0.000447 0.102280 0.121459 -0.000447 0.086884 0.113850 -0.000447 0.069923 0.111850 -0.000447 0.069923 0.106113 -0.000447 0.094574 0.098456 -0.000447 0.117485 0.088959 -0.000447 0.138576 0.077702 -0.000447 0.157772 0.064764 -0.000447 0.174995 0.053850 -0.000447 -0.136078 0.053850 -0.000447 -0.018078 0.052948 -0.000447 0.006531 0.050304 -0.000447 0.028873 0.050225 -0.000447 0.190170 0.046006 -0.000447 0.048973 0.040146 -0.000447 0.066853 0.034165 -0.000447 0.203220 0.032814 -0.000447 0.082539 0.024100 -0.000447 0.096054 0.016665 -0.000447 0.214069 0.014094 -0.000447 0.107422 0.002887 -0.000447 0.116669 -0.002197 -0.000447 0.222641 -0.009431 -0.000447 0.123817 -0.022340 -0.000447 0.228859 -0.022770 -0.000447 0.128895 -0.037040 -0.000447 0.131924 -0.043684 -0.000447 0.232643 -0.052150 -0.000447 0.132923 -0.064989 -0.000447 0.132248 -0.066150 -0.000447 0.233921 -0.077858 -0.000447 0.130096 -0.087377 -0.000447 0.232586 -0.090541 -0.000447 0.126285 -0.102817 -0.000447 0.120628 -0.108798 -0.000447 0.228466 -0.114468 -0.000447 0.112945 -0.125275 -0.000447 0.103050 -0.130025 -0.000447 0.221409 -0.135020 -0.000447 0.090759 -0.143483 -0.000447 0.075890 -0.150447 -0.000447 0.058254 -0.150669 -0.000447 0.211258 -0.155692 -0.000447 0.037670 -0.158999 -0.000447 0.013954 -0.160150 -0.000447 -0.136078 -0.160150 -0.000447 -0.013077 -0.170340 -0.000447 0.197857 -0.188650 -0.000447 0.181049 -0.205210 -0.000447 0.160679 -0.219631 -0.000447 0.136589 -0.231525 -0.000447 0.108623 -0.246173 -0.000447 0.040447 -0.240502 -0.000447 0.076630 -0.248150 -0.000447 -0.234077 -0.248150 -0.000447 -0.000080 "
,
}
