node["shiva.geometry.mesh"] =
{
["name"] =
"D"
,
["index-array"] =
"53 9 1 9 2 1 9 3 2 9 4 3 9 5 4 9 6 5 9 8 6 9 7 8 53 46 9 7 10 8 10 13 8 11 13 10 12 13 11 14 13 12 14 16 13 15 16 14 17 16 15 17 18 16 19 18 17 19 21 18 20 21 19 22 21 20 22 23 21 24 23 22 24 25 23 26 25 24 26 28 25 27 28 26 29 28 27 29 30 28 31 30 29 31 33 30 32 33 31 34 33 32 34 35 33 36 35 34 36 38 35 37 38 36 39 38 37 39 40 38 41 40 39 41 43 40 42 43 41 44 43 42 44 48 43 45 48 44 47 48 45 53 48 47 53 49 48 53 47 46 53 50 49 53 52 50 53 51 52 53 54 51 "
,
["vertex-array"] =
"0.434563 -0.000454 -0.220719 0.434563 -0.000454 0.044281 0.430928 -0.000454 0.104362 0.420484 -0.000454 0.158672 0.403922 -0.000454 0.207313 0.381933 -0.000454 0.250393 0.346563 -0.000454 0.028282 0.355208 -0.000454 0.288013 0.346563 -0.000454 -0.122719 0.344201 -0.000454 0.073875 0.337336 -0.000454 0.115192 0.326297 -0.000454 0.152294 0.324438 -0.000454 0.320282 0.311415 -0.000454 0.185242 0.293018 -0.000454 0.214092 0.290313 -0.000454 0.347298 0.271438 -0.000454 0.238903 0.253526 -0.000454 0.369167 0.247003 -0.000454 0.259735 0.220044 -0.000454 0.276649 0.214766 -0.000454 0.385998 0.190891 -0.000454 0.289699 0.174725 -0.000454 0.397892 0.159873 -0.000454 0.298950 0.134093 -0.000454 0.404949 0.127320 -0.000454 0.304455 0.093563 -0.000454 0.306282 0.093563 -0.000454 0.407280 0.070939 -0.000454 0.305149 0.050091 -0.000454 0.404457 0.045655 -0.000454 0.301475 0.018594 -0.000454 0.294842 0.007539 -0.000454 0.396091 -0.009363 -0.000454 0.284836 -0.033547 -0.000454 0.382358 -0.037334 -0.000454 0.271038 -0.064437 -0.000454 0.253033 -0.072622 -0.000454 0.363430 -0.089790 -0.000454 0.230400 -0.109143 -0.000454 0.339474 -0.112511 -0.000454 0.202728 -0.131719 -0.000454 0.169598 -0.142562 -0.000454 0.310657 -0.146530 -0.000454 0.130592 -0.156063 -0.000454 0.085293 -0.159437 -0.000454 -0.122719 -0.159437 -0.000454 0.033283 -0.172336 -0.000454 0.277153 -0.197919 -0.000454 0.239132 -0.218765 -0.000454 0.196766 -0.244070 -0.000454 0.099670 -0.234331 -0.000454 0.150223 -0.247437 -0.000454 -0.220719 -0.247437 -0.000454 0.045280 "
,
}
