node["shiva.geometry.mesh"] =
{
["name"] =
"Q"
,
["index-array"] =
"2 3 1 4 3 2 4 5 3 6 5 4 6 7 5 8 7 6 8 9 7 10 9 8 10 11 9 15 11 10 15 12 11 12 17 11 15 14 12 15 18 14 22 18 15 13 17 12 16 17 13 19 17 16 19 23 17 21 23 19 25 23 21 25 29 23 27 29 25 31 29 27 31 34 29 35 34 31 35 39 34 37 39 35 41 39 37 41 44 39 45 44 41 45 49 44 50 49 45 50 54 49 52 54 50 56 54 52 56 58 54 60 58 56 60 61 58 64 61 60 64 65 61 68 65 64 68 71 65 70 71 68 74 71 70 74 75 71 78 75 74 78 81 75 80 81 78 83 81 80 83 88 81 86 88 83 87 88 86 89 88 87 89 90 88 89 87 85 89 85 84 91 90 89 91 92 90 93 92 91 93 95 92 96 95 93 96 97 95 97 94 95 98 97 96 98 99 97 101 99 98 101 100 99 101 102 100 104 102 101 104 103 102 104 105 103 108 105 104 108 106 105 108 109 106 116 109 108 116 112 109 116 114 112 116 115 114 116 124 115 117 124 116 115 124 113 113 124 111 111 110 107 111 124 110 118 124 117 119 124 118 120 124 119 122 124 120 121 124 122 123 124 121 84 77 76 84 79 77 84 82 79 84 85 82 76 77 73 76 73 72 72 73 69 72 67 66 72 69 67 66 67 63 66 63 62 62 63 59 62 59 57 57 59 55 57 55 53 53 55 51 53 48 47 53 51 48 47 48 46 47 46 43 43 46 42 43 40 38 43 42 40 38 40 36 38 33 32 38 36 33 32 33 30 32 30 28 28 30 26 28 24 22 28 26 24 22 24 20 22 20 18 "
,
["vertex-array"] =
"0.445075 -0.000489 0.128002 0.442122 -0.000489 0.074177 0.441968 -0.000489 0.177917 0.433454 -0.000489 0.023411 0.432889 -0.000489 0.225426 0.419356 -0.000489 -0.023987 0.418200 -0.000489 0.270157 0.400112 -0.000489 -0.067707 0.398260 -0.000489 0.311741 0.376007 -0.000489 -0.107441 0.373431 -0.000489 0.349812 0.355075 -0.000489 0.124000 0.352746 -0.000489 0.160877 0.351907 -0.000489 0.075809 0.347325 -0.000489 -0.142879 0.345941 -0.000489 0.195839 0.344075 -0.000489 0.383999 0.342894 -0.000489 0.033089 0.334934 -0.000489 0.228641 0.328778 -0.000489 -0.004410 0.320001 -0.000489 0.259037 0.314351 -0.000489 -0.173714 0.310552 -0.000489 0.413937 0.310297 -0.000489 -0.036930 0.301414 -0.000489 0.286781 0.288191 -0.000489 -0.064713 0.279450 -0.000489 0.311626 0.277371 -0.000489 -0.199635 0.273223 -0.000489 0.439259 0.263200 -0.000489 -0.088001 0.254381 -0.000489 0.333324 0.236668 -0.000489 -0.220333 0.236063 -0.000489 -0.107040 0.232450 -0.000489 0.459595 0.226482 -0.000489 0.351631 0.207519 -0.000489 -0.122074 0.196028 -0.000489 0.366299 0.192528 -0.000489 -0.235500 0.188593 -0.000489 0.474575 0.178309 -0.000489 -0.133343 0.163292 -0.000489 0.377079 0.149172 -0.000489 -0.141090 0.145236 -0.000489 -0.244827 0.142015 -0.000489 0.483833 0.128550 -0.000489 0.383728 0.120847 -0.000489 -0.145561 0.095075 -0.000489 -0.248001 0.094075 -0.000489 -0.146999 0.093075 -0.000489 0.487000 0.092075 -0.000489 0.386002 0.059989 -0.000489 -0.145115 0.057818 -0.000489 0.383789 0.053265 -0.000489 -0.245602 0.052354 -0.000489 0.484562 0.026973 -0.000489 -0.139427 0.024774 -0.000489 0.377297 0.013010 -0.000489 -0.238552 0.012894 -0.000489 0.477421 -0.004613 -0.000489 -0.129948 -0.006722 -0.000489 0.366749 -0.025003 -0.000489 0.465828 -0.025425 -0.000489 -0.227077 -0.034407 -0.000489 -0.116676 -0.036333 -0.000489 0.352367 -0.061036 -0.000489 0.450035 -0.061777 -0.000489 -0.211407 -0.062048 -0.000489 -0.099613 -0.063721 -0.000489 0.334377 -0.087175 -0.000489 -0.078758 -0.088550 -0.000489 0.312996 -0.094903 -0.000489 0.430298 -0.095782 -0.000489 -0.191765 -0.109427 -0.000489 -0.054111 -0.110484 -0.000489 0.288448 -0.126300 -0.000489 0.406872 -0.127175 -0.000489 -0.168377 -0.128444 -0.000489 -0.025673 -0.129184 -0.000489 0.260956 -0.143863 -0.000489 0.006557 -0.144316 -0.000489 0.230743 -0.154927 -0.000489 0.380009 -0.155323 -0.000489 0.042580 -0.155541 -0.000489 0.198029 -0.155694 -0.000489 -0.141468 -0.162465 -0.000489 0.082394 -0.162523 -0.000489 0.163036 -0.164925 -0.000489 0.125999 -0.180481 -0.000489 0.349960 -0.181073 -0.000489 -0.111263 -0.202660 -0.000489 0.316982 -0.203050 -0.000489 -0.077988 -0.221161 -0.000489 0.281326 -0.221360 -0.000489 -0.041870 -0.245925 -0.000489 0.202999 -0.235684 -0.000489 0.243248 -0.235740 -0.000489 -0.003132 -0.244925 -0.000489 0.202999 -0.245925 -0.000489 0.038002 -0.246925 -0.000489 0.202999 -0.258946 -0.000489 0.231953 -0.263174 -0.000489 0.062027 -0.269509 -0.000489 0.258911 -0.278613 -0.000489 0.284054 -0.279833 -0.000489 0.086632 -0.286258 -0.000489 0.307564 -0.292446 -0.000489 0.329613 -0.294925 -0.000489 0.458000 -0.295769 -0.000489 0.111858 -0.297175 -0.000489 0.350380 -0.297925 -0.000489 0.461002 -0.298946 -0.000489 0.441200 -0.300446 -0.000489 0.370045 -0.301509 -0.000489 0.424183 -0.302259 -0.000489 0.388783 -0.302613 -0.000489 0.406769 -0.310851 -0.000489 0.137741 -0.324947 -0.000489 0.164318 -0.337925 -0.000489 0.191628 -0.349653 -0.000489 0.219707 -0.359999 -0.000489 0.248596 -0.376018 -0.000489 0.308952 -0.368831 -0.000489 0.278332 -0.381426 -0.000489 0.340496 -0.384925 -0.000489 0.373001 "
,
}
