node["shiva.geometry.mesh"] =
{
["name"] =
"U"
,
["index-array"] =
"10 2 1 10 6 2 10 9 6 10 12 9 18 12 10 18 14 12 18 17 14 18 20 17 27 20 18 27 22 20 27 25 22 27 28 25 37 28 27 37 30 28 37 31 30 37 34 31 37 36 34 37 39 36 48 39 37 48 42 39 48 45 42 48 47 45 48 50 47 65 50 48 65 52 50 65 55 52 65 57 55 65 59 57 65 61 59 65 63 61 65 64 63 65 66 64 67 66 65 64 66 62 54 66 53 56 66 54 58 66 56 60 66 58 62 66 60 67 68 66 69 68 67 69 70 68 71 70 69 71 72 70 73 72 71 73 74 72 76 74 73 76 75 74 77 75 76 77 78 75 54 53 51 51 53 49 49 53 46 43 53 41 44 53 43 46 53 44 43 41 40 35 41 33 38 41 35 40 41 38 35 33 32 24 33 23 26 33 24 29 33 26 32 33 29 24 23 21 16 23 15 19 23 16 21 23 19 16 15 13 11 15 8 13 15 11 11 8 7 5 8 4 7 8 5 5 4 3 "
,
["vertex-array"] =
"0.434955 -0.000556 -0.227596 0.434955 -0.000556 -0.129597 0.434955 -0.000556 0.261402 0.434955 -0.000556 0.359402 0.037955 -0.000556 0.261402 0.031955 -0.000556 -0.129597 0.022247 -0.000556 0.261223 0.020955 -0.000556 0.359402 0.013617 -0.000556 -0.129383 0.010955 -0.000556 -0.227596 0.007126 -0.000556 0.260647 -0.002999 -0.000556 -0.128716 -0.007404 -0.000556 0.259605 -0.018045 -0.000556 -0.127552 -0.019577 -0.000556 0.357319 -0.021341 -0.000556 0.258034 -0.031675 -0.000556 -0.125858 -0.033371 -0.000556 -0.224758 -0.034681 -0.000556 0.255863 -0.044040 -0.000556 -0.123596 -0.047420 -0.000556 0.253029 -0.055295 -0.000556 -0.120724 -0.057550 -0.000556 0.351055 -0.059555 -0.000556 0.249466 -0.065591 -0.000556 -0.117206 -0.071082 -0.000556 0.245109 -0.073406 -0.000556 -0.216560 -0.075082 -0.000556 -0.113007 -0.081998 -0.000556 0.239891 -0.083920 -0.000556 -0.108082 -0.092258 -0.000556 -0.102398 -0.092300 -0.000556 0.233746 -0.092779 -0.000556 0.340607 -0.100249 -0.000556 -0.095917 -0.101983 -0.000556 0.226604 -0.108045 -0.000556 -0.088596 -0.109233 -0.000556 -0.203472 -0.111045 -0.000556 0.218403 -0.117379 -0.000556 -0.078640 -0.118639 -0.000556 0.210175 -0.125082 -0.000556 0.325958 -0.125883 -0.000556 -0.068264 -0.125883 -0.000556 0.200996 -0.132717 -0.000556 0.190872 -0.133561 -0.000556 -0.057472 -0.139082 -0.000556 0.179809 -0.140415 -0.000556 -0.046265 -0.140934 -0.000556 -0.185966 -0.144919 -0.000556 0.167816 -0.146451 -0.000556 -0.034641 -0.150170 -0.000556 0.154899 -0.151670 -0.000556 -0.022598 -0.154274 -0.000556 0.307102 -0.154775 -0.000556 0.141068 -0.156077 -0.000556 -0.010139 -0.158675 -0.000556 0.126324 -0.159675 -0.000556 0.002735 -0.161811 -0.000556 0.110680 -0.162467 -0.000556 0.016026 -0.164124 -0.000556 0.094139 -0.164457 -0.000556 0.029736 -0.165555 -0.000556 0.076710 -0.165649 -0.000556 0.043861 -0.166045 -0.000556 0.058403 -0.168594 -0.000556 -0.164516 -0.180170 -0.000556 0.284027 -0.192295 -0.000556 -0.139595 -0.202587 -0.000556 0.256725 -0.212121 -0.000556 -0.111675 -0.221341 -0.000556 0.225182 -0.228156 -0.000556 -0.081226 -0.236248 -0.000556 0.189388 -0.240483 -0.000556 -0.048721 -0.247124 -0.000556 0.149334 -0.253784 -0.000556 0.105011 -0.249184 -0.000556 -0.014633 -0.254344 -0.000556 0.020565 -0.256045 -0.000556 0.056404 "
,
}
