node["shiva.geometry.mesh"] =
{
["name"] =
"O"
,
["index-array"] =
"3 2 1 3 4 2 5 4 3 5 6 4 7 6 5 7 8 6 9 8 7 9 10 8 11 10 9 11 17 10 18 12 11 12 17 11 13 17 12 15 17 13 19 17 15 19 23 17 18 14 12 18 16 14 18 20 16 24 20 18 24 22 20 24 26 22 30 26 24 30 28 26 30 32 28 34 32 30 34 36 32 40 36 34 40 38 36 40 42 38 44 42 40 44 46 42 47 46 44 47 48 46 54 48 47 54 51 48 54 55 51 58 55 54 58 60 55 62 60 58 62 64 60 68 64 62 68 66 64 68 70 66 74 70 68 74 72 70 74 76 72 80 76 74 80 78 76 80 82 78 87 82 80 87 84 82 87 85 84 87 86 85 87 88 86 89 88 87 85 86 83 81 86 79 83 86 81 81 79 77 75 79 73 77 79 75 75 73 71 69 73 67 71 73 69 69 67 65 63 67 61 65 67 63 63 61 59 59 61 57 59 57 56 56 57 53 56 53 52 52 53 50 52 50 49 45 50 43 49 50 45 45 43 41 41 43 39 41 39 37 35 39 33 37 39 35 35 33 31 31 33 29 31 29 27 25 29 23 27 29 25 25 23 21 21 23 19 89 90 88 91 90 89 91 92 90 94 92 91 94 93 92 95 93 94 95 96 93 "
,
["vertex-array"] =
"0.443725 -0.000507 0.132442 0.440467 -0.000507 0.186932 0.440448 -0.000507 0.078815 0.430994 -0.000507 0.237755 0.430924 -0.000507 0.028595 0.415756 -0.000507 0.284710 0.415616 -0.000507 -0.017979 0.395207 -0.000507 0.327591 0.394984 -0.000507 -0.060669 0.369796 -0.000507 0.366196 0.369492 -0.000507 -0.099232 0.353725 -0.000507 0.132442 0.351474 -0.000507 0.169815 0.351474 -0.000507 0.095299 0.344882 -0.000507 0.205269 0.344882 -0.000507 0.060036 0.339975 -0.000507 0.400318 0.339600 -0.000507 -0.133430 0.334194 -0.000507 0.238548 0.334194 -0.000507 0.026913 0.319651 -0.000507 0.269402 0.319651 -0.000507 -0.003815 0.306196 -0.000507 0.429752 0.305771 -0.000507 -0.163025 0.301497 -0.000507 0.297573 0.301497 -0.000507 -0.031891 0.279975 -0.000507 0.322811 0.279975 -0.000507 -0.057056 0.268910 -0.000507 0.454296 0.268466 -0.000507 -0.187778 0.255328 -0.000507 0.344864 0.255328 -0.000507 -0.079056 0.228569 -0.000507 0.473740 0.228147 -0.000507 -0.207447 0.227799 -0.000507 0.363476 0.227799 -0.000507 -0.097630 0.197631 -0.000507 0.378391 0.197631 -0.000507 -0.112526 0.185623 -0.000507 0.487881 0.185276 -0.000507 -0.221794 0.165068 -0.000507 0.389358 0.165068 -0.000507 -0.123482 0.140525 -0.000507 0.496517 0.140315 -0.000507 -0.230576 0.130351 -0.000507 0.396126 0.130351 -0.000507 -0.130245 0.093725 -0.000507 -0.233559 0.093725 -0.000507 -0.132557 0.093725 -0.000507 0.398445 0.093725 -0.000507 0.499443 0.057309 -0.000507 -0.130245 0.057309 -0.000507 0.396133 0.048186 -0.000507 0.496597 0.047976 -0.000507 -0.230656 0.022730 -0.000507 -0.123482 0.022730 -0.000507 0.389366 0.003910 -0.000507 0.488155 0.003563 -0.000507 -0.222080 -0.009759 -0.000507 0.378399 -0.009759 -0.000507 -0.112526 -0.038587 -0.000507 0.474274 -0.039009 -0.000507 -0.208042 -0.039904 -0.000507 0.363483 -0.039904 -0.000507 -0.097630 -0.067452 -0.000507 0.344871 -0.067453 -0.000507 -0.079056 -0.078793 -0.000507 0.455112 -0.079238 -0.000507 -0.188744 -0.092150 -0.000507 0.322819 -0.092150 -0.000507 -0.057056 -0.113743 -0.000507 0.297581 -0.113743 -0.000507 -0.031891 -0.116194 -0.000507 0.430824 -0.116619 -0.000507 -0.164387 -0.131978 -0.000507 0.269409 -0.131979 -0.000507 -0.003815 -0.146603 -0.000507 0.238556 -0.146603 -0.000507 0.026913 -0.150275 -0.000507 0.401569 -0.150650 -0.000507 -0.135181 -0.157363 -0.000507 0.205276 -0.157363 -0.000507 0.060036 -0.164005 -0.000507 0.169823 -0.164005 -0.000507 0.095299 -0.166275 -0.000507 0.132442 -0.180523 -0.000507 0.367500 -0.180826 -0.000507 -0.101330 -0.206423 -0.000507 0.328777 -0.206645 -0.000507 -0.063038 -0.227462 -0.000507 0.285553 -0.227603 -0.000507 -0.020508 -0.243127 -0.000507 0.237984 -0.252902 -0.000507 0.186230 -0.243196 -0.000507 0.026051 -0.252921 -0.000507 0.076435 -0.256275 -0.000507 0.130443 "
,
}
