node["shiva.geometry.mesh"] =
{
["name"] =
"H"
,
["index-array"] =
"8 2 1 8 5 2 8 10 5 8 9 10 10 7 5 10 6 7 7 4 3 7 12 4 6 12 7 11 12 6 "
,
["vertex-array"] =
"0.433190 -0.000467 -0.201893 0.433190 -0.000467 -0.103893 0.433190 -0.000467 0.278107 0.433190 -0.000467 0.376106 0.136190 -0.000467 -0.103893 0.048190 -0.000467 0.278107 0.136190 -0.000467 0.278107 -0.248810 -0.000467 -0.201893 -0.248810 -0.000467 -0.103893 0.048190 -0.000467 -0.103893 -0.248810 -0.000467 0.278107 -0.248810 -0.000467 0.376106 "
,
}
