node["shiva.geometry.mesh"] =
{
["name"] =
"}"
,
["index-array"] =
"9 2 1 9 3 2 9 4 3 9 5 4 9 6 5 9 7 6 9 8 7 9 11 8 9 10 11 10 12 11 12 15 11 13 15 12 14 15 13 16 15 14 16 19 15 17 19 16 18 19 17 20 19 18 20 22 19 21 22 20 23 22 21 23 25 22 24 25 23 26 25 24 26 28 25 27 28 26 29 28 27 29 30 28 31 30 29 31 32 30 33 32 31 33 34 32 36 34 33 36 35 34 36 37 35 38 37 36 38 39 37 40 39 38 40 41 39 42 41 40 42 43 41 45 43 42 45 44 43 45 46 44 49 46 45 49 47 46 49 48 47 49 50 48 51 50 49 51 58 50 53 58 51 54 58 53 55 58 54 56 58 55 57 58 56 59 58 57 59 60 58 52 54 53 63 60 59 63 61 60 63 62 61 63 64 62 66 64 63 66 65 64 66 67 65 68 67 66 68 69 67 70 69 68 70 71 69 72 71 70 72 73 71 75 73 72 75 74 73 75 76 74 77 76 75 77 78 76 79 78 77 79 80 78 81 80 79 81 83 80 82 83 81 84 83 82 84 86 83 85 86 84 87 86 85 87 89 86 88 89 87 90 89 88 90 93 89 91 93 90 92 93 91 94 93 92 94 99 93 95 99 94 96 99 95 98 99 96 106 99 98 106 100 99 106 98 97 106 101 100 106 102 101 106 103 102 106 105 103 106 104 105 106 107 104 "
,
["vertex-array"] =
"0.476916 0.000000 -0.241693 0.476916 0.000000 -0.202693 0.475628 0.000000 -0.177422 0.471786 0.000000 -0.155023 0.465416 0.000000 -0.135365 0.456545 0.000000 -0.118323 0.445203 0.000000 -0.103767 0.431416 0.000000 -0.091569 0.400916 0.000000 -0.241693 0.400916 0.000000 -0.226693 0.415212 0.000000 -0.081599 0.400513 0.000000 -0.210336 0.399198 0.000000 -0.196166 0.396806 0.000000 -0.184037 0.396619 0.000000 -0.073730 0.393175 0.000000 -0.173804 0.388141 0.000000 -0.165321 0.381541 0.000000 -0.158442 0.375666 0.000000 -0.067834 0.373211 0.000000 -0.153023 0.362990 0.000000 -0.148915 0.352378 0.000000 -0.063781 0.350712 0.000000 -0.145974 0.336217 0.000000 -0.144054 0.326786 0.000000 -0.061443 0.319339 0.000000 -0.143009 0.299916 0.000000 -0.142694 0.298916 0.000000 -0.060693 0.227916 0.000000 -0.142694 0.210916 0.000000 -0.060693 0.195839 0.000000 -0.142118 0.186281 0.000000 -0.060271 0.166966 0.000000 -0.140345 0.163425 0.000000 -0.058906 0.142416 0.000000 -0.056442 0.141087 0.000000 -0.137302 0.123323 0.000000 -0.052730 0.117990 0.000000 -0.132915 0.106216 0.000000 -0.047614 0.097461 0.000000 -0.127111 0.091166 0.000000 -0.040943 0.079291 0.000000 -0.119818 0.078240 0.000000 -0.032563 0.067508 0.000000 -0.022323 0.063266 0.000000 -0.110962 0.059041 0.000000 -0.010068 0.052906 0.000000 0.004354 0.049175 0.000000 0.021094 0.049175 0.000000 -0.100470 0.047916 0.000000 0.040307 0.036806 0.000000 -0.088271 0.016388 0.000000 -0.058455 0.025948 0.000000 -0.074290 0.007916 0.000000 -0.040693 -0.000557 0.000000 -0.058455 -0.010117 0.000000 -0.074290 -0.020975 0.000000 -0.088271 -0.032084 0.000000 0.040307 -0.033344 0.000000 -0.100470 -0.033344 0.000000 0.021094 -0.037075 0.000000 0.004354 -0.043209 0.000000 -0.010068 -0.047435 0.000000 -0.110962 -0.051677 0.000000 -0.022323 -0.062408 0.000000 -0.032563 -0.063459 0.000000 -0.119818 -0.075334 0.000000 -0.040943 -0.081630 0.000000 -0.127111 -0.090385 0.000000 -0.047614 -0.102158 0.000000 -0.132915 -0.107492 0.000000 -0.052730 -0.125256 0.000000 -0.137302 -0.126584 0.000000 -0.056442 -0.147594 0.000000 -0.058906 -0.151135 0.000000 -0.140345 -0.170450 0.000000 -0.060271 -0.180007 0.000000 -0.142118 -0.195084 0.000000 -0.060693 -0.212084 0.000000 -0.142694 -0.283084 0.000000 -0.060693 -0.284084 0.000000 -0.142694 -0.303508 0.000000 -0.143009 -0.310955 0.000000 -0.061442 -0.320385 0.000000 -0.144054 -0.334881 0.000000 -0.145974 -0.336547 0.000000 -0.063780 -0.347158 0.000000 -0.148915 -0.357380 0.000000 -0.153023 -0.359834 0.000000 -0.067833 -0.365709 0.000000 -0.158442 -0.372310 0.000000 -0.165321 -0.377344 0.000000 -0.173804 -0.380788 0.000000 -0.073729 -0.380975 0.000000 -0.184037 -0.383367 0.000000 -0.196166 -0.384682 0.000000 -0.210336 -0.385084 0.000000 -0.241693 -0.385084 0.000000 -0.226693 -0.399381 0.000000 -0.081598 -0.415585 0.000000 -0.091568 -0.429372 0.000000 -0.103766 -0.440714 0.000000 -0.118322 -0.449584 0.000000 -0.135365 -0.459797 0.000000 -0.177421 -0.455955 0.000000 -0.155022 -0.461084 0.000000 -0.241693 -0.461084 0.000000 -0.202693 "
,
}
