node["shiva.geometry.mesh"] =
{
["name"] =
"J"
,
["index-array"] =
"3 2 1 3 5 2 4 5 3 6 5 4 6 7 5 8 7 6 8 10 7 9 10 8 11 10 9 11 12 10 13 12 11 13 16 12 14 16 13 15 16 14 17 16 15 17 22 16 18 22 17 19 22 18 21 22 19 28 22 21 28 23 22 28 21 20 28 24 23 28 25 24 28 26 25 28 27 26 28 29 27 30 29 28 30 41 29 31 41 30 32 41 31 33 41 32 34 41 33 35 41 34 36 41 35 37 41 36 39 41 37 38 41 39 40 41 38 "
,
["vertex-array"] =
"0.432713 -0.000460 -0.186817 0.432713 -0.000460 -0.088818 -0.228287 -0.000460 -0.186817 -0.253663 -0.000460 -0.187054 -0.257287 -0.000460 -0.088818 -0.276797 -0.000460 -0.187965 -0.288334 -0.000460 -0.089901 -0.297694 -0.000460 -0.189850 -0.316361 -0.000460 -0.193005 -0.317829 -0.000460 -0.093231 -0.332807 -0.000460 -0.197727 -0.345553 -0.000460 -0.098927 -0.347037 -0.000460 -0.204319 -0.359059 -0.000460 -0.213078 -0.368880 -0.000460 -0.224300 -0.371287 -0.000460 -0.107113 -0.376506 -0.000460 -0.238289 -0.381945 -0.000460 -0.255337 -0.385203 -0.000460 -0.275749 -0.386287 -0.000460 -0.324818 -0.386287 -0.000460 -0.299816 -0.394813 -0.000460 -0.117912 -0.415912 -0.000460 -0.131443 -0.434366 -0.000460 -0.147827 -0.449954 -0.000460 -0.167187 -0.462459 -0.000460 -0.189644 -0.471662 -0.000460 -0.215320 -0.477287 -0.000460 -0.306816 -0.477345 -0.000460 -0.244339 -0.477537 -0.000460 -0.304356 -0.477783 -0.000460 -0.301956 -0.478022 -0.000460 -0.299599 -0.478250 -0.000460 -0.297260 -0.478465 -0.000460 -0.294922 -0.478662 -0.000460 -0.292564 -0.478839 -0.000460 -0.290165 -0.478991 -0.000460 -0.287704 -0.479209 -0.000460 -0.282509 -0.479115 -0.000460 -0.285160 -0.479267 -0.000460 -0.279736 -0.479287 -0.000460 -0.276817 "
,
}
