node["shiva.geometry.mesh"] =
{
["name"] =
"!"
,
["index-array"] =
"2 3 1 4 3 2 4 5 3 6 5 4 6 7 5 8 7 6 8 9 7 10 9 8 10 11 9 12 11 10 12 13 11 14 13 12 14 15 13 16 15 14 16 17 15 18 17 16 18 19 17 20 19 18 20 21 19 23 21 20 23 22 21 23 25 22 24 25 23 26 25 24 26 27 25 28 27 26 28 29 27 30 29 28 30 31 29 32 31 30 32 33 31 34 33 32 34 35 33 36 35 34 36 37 35 38 37 36 38 39 37 40 39 38 40 41 39 42 41 40 42 43 41 44 43 42 44 45 43 48 45 44 48 47 45 46 47 48 50 51 49 52 51 50 52 53 51 54 53 52 54 55 53 56 55 54 56 57 55 58 57 56 58 59 57 60 59 58 60 61 59 62 61 60 62 63 61 64 63 62 64 65 63 66 65 64 66 67 65 68 67 66 68 69 67 70 69 68 70 71 69 72 71 70 72 73 71 75 73 72 75 74 73 75 76 74 77 76 75 77 78 76 79 78 77 79 80 78 81 80 79 81 82 80 83 82 81 83 84 82 85 84 83 85 86 84 87 86 85 87 88 86 89 88 87 89 90 88 91 90 89 91 92 90 93 92 91 93 94 92 95 94 93 95 97 94 96 97 95 98 97 96 98 99 97 100 99 98 100 101 99 102 101 100 102 103 101 104 103 102 104 105 103 106 105 104 106 107 105 108 107 106 108 109 107 110 109 108 110 111 109 112 111 110 112 113 111 114 113 112 114 115 113 116 115 114 116 117 115 118 117 116 118 120 117 119 120 118 119 122 120 121 122 119 "
,
["vertex-array"] =
"-0.137027 -0.000005 -0.150583 -0.137577 -0.000005 -0.158695 -0.137577 -0.000005 -0.142471 -0.139179 -0.000005 -0.166485 -0.139179 -0.000005 -0.134682 -0.141761 -0.000005 -0.173880 -0.141761 -0.000005 -0.127287 -0.145249 -0.000005 -0.180805 -0.145249 -0.000005 -0.120361 -0.149570 -0.000005 -0.187189 -0.149570 -0.000005 -0.113977 -0.154652 -0.000005 -0.192959 -0.154652 -0.000005 -0.108208 -0.160421 -0.000005 -0.198040 -0.160421 -0.000005 -0.103127 -0.166804 -0.000005 -0.202362 -0.166804 -0.000005 -0.098806 -0.173730 -0.000005 -0.205851 -0.173730 -0.000005 -0.095318 -0.181124 -0.000005 -0.208433 -0.181124 -0.000005 -0.092737 -0.188914 -0.000005 -0.091135 -0.188914 -0.000005 -0.210035 -0.197027 -0.000005 -0.210583 -0.197027 -0.000005 -0.090584 -0.205140 -0.000005 -0.210031 -0.205140 -0.000005 -0.091133 -0.212929 -0.000005 -0.208429 -0.212929 -0.000005 -0.092735 -0.220324 -0.000005 -0.205847 -0.220324 -0.000005 -0.095316 -0.227249 -0.000005 -0.202358 -0.227249 -0.000005 -0.098804 -0.233633 -0.000005 -0.198036 -0.233633 -0.000005 -0.103125 -0.239402 -0.000005 -0.192955 -0.239402 -0.000005 -0.108206 -0.244483 -0.000005 -0.187185 -0.244483 -0.000005 -0.113976 -0.248804 -0.000005 -0.180801 -0.248804 -0.000005 -0.120359 -0.252292 -0.000005 -0.173876 -0.252292 -0.000005 -0.127285 -0.254874 -0.000005 -0.166481 -0.254874 -0.000005 -0.134680 -0.257027 -0.000005 -0.150583 -0.256476 -0.000005 -0.142469 -0.256476 -0.000005 -0.158691 0.442973 -0.000005 -0.151583 0.441952 -0.000005 -0.160667 0.441952 -0.000005 -0.142500 0.438886 -0.000005 -0.168926 0.438885 -0.000005 -0.134241 0.433770 -0.000005 -0.176365 0.433770 -0.000005 -0.126802 0.426603 -0.000005 -0.182991 0.426603 -0.000005 -0.120176 0.417380 -0.000005 -0.188812 0.417380 -0.000005 -0.114355 0.406098 -0.000005 -0.193834 0.406098 -0.000005 -0.109333 0.392754 -0.000005 -0.198065 0.392754 -0.000005 -0.105103 0.377344 -0.000005 -0.201509 0.377344 -0.000005 -0.101658 0.359864 -0.000005 -0.204178 0.359864 -0.000005 -0.098989 0.340311 -0.000005 -0.206076 0.340311 -0.000005 -0.097092 0.318682 -0.000005 -0.207209 0.318682 -0.000005 -0.095959 0.294973 -0.000005 -0.207582 0.294973 -0.000005 -0.095583 0.284141 -0.000005 -0.095625 0.284141 -0.000005 -0.207540 0.273645 -0.000005 -0.095751 0.273645 -0.000005 -0.207415 0.263489 -0.000005 -0.095959 0.263489 -0.000005 -0.207207 0.253677 -0.000005 -0.096250 0.253677 -0.000005 -0.206915 0.244212 -0.000005 -0.096626 0.244212 -0.000005 -0.206539 0.235098 -0.000005 -0.097084 0.235098 -0.000005 -0.206081 0.226339 -0.000005 -0.097626 0.226339 -0.000005 -0.205540 0.217936 -0.000005 -0.098251 0.217936 -0.000005 -0.204914 0.209895 -0.000005 -0.098959 0.209895 -0.000005 -0.204206 0.202219 -0.000005 -0.099750 0.202219 -0.000005 -0.203415 0.194910 -0.000005 -0.100626 0.194910 -0.000005 -0.202539 0.187973 -0.000005 -0.201584 0.187973 -0.000005 -0.101583 0.015973 -0.000005 -0.176582 0.015973 -0.000005 -0.126583 0.005491 -0.000005 -0.175079 0.005491 -0.000005 -0.128088 -0.003971 -0.000005 -0.173551 -0.003971 -0.000005 -0.129616 -0.012433 -0.000005 -0.171974 -0.012433 -0.000005 -0.131193 -0.019916 -0.000005 -0.170324 -0.019916 -0.000005 -0.132843 -0.026440 -0.000005 -0.168577 -0.026440 -0.000005 -0.134590 -0.032027 -0.000005 -0.166708 -0.032027 -0.000005 -0.136459 -0.036697 -0.000005 -0.164694 -0.036697 -0.000005 -0.138473 -0.040471 -0.000005 -0.162510 -0.040471 -0.000005 -0.140657 -0.043370 -0.000005 -0.160131 -0.043370 -0.000005 -0.143036 -0.045416 -0.000005 -0.157534 -0.046627 -0.000005 -0.154694 -0.045416 -0.000005 -0.145634 -0.047027 -0.000005 -0.151583 -0.046627 -0.000005 -0.148474 "
,
}
