node["shiva.geometry.mesh"] =
{
["name"] =
"M"
,
["index-array"] =
"5 2 1 5 7 2 5 6 7 7 8 2 8 9 2 14 9 8 9 4 3 9 10 4 9 15 10 14 15 9 10 13 4 13 12 4 11 12 13 "
,
["vertex-array"] =
"0.434739 -0.000509 -0.236950 0.434739 -0.000509 -0.144951 0.434739 -0.000509 0.308048 0.434739 -0.000509 0.399048 -0.247261 -0.000509 -0.236950 -0.247261 -0.000509 -0.138950 0.283739 -0.000509 -0.138950 0.283739 -0.000509 -0.136951 0.154739 -0.000509 0.081047 0.283739 -0.000509 0.299049 -0.247261 -0.000509 0.301048 -0.247261 -0.000509 0.399048 0.283739 -0.000509 0.301048 0.019739 -0.000509 0.073048 0.019739 -0.000509 0.089046 "
,
}
