node["shiva.geometry.mesh"] =
{
["name"] =
"#"
,
["index-array"] =
"6 2 1 6 7 2 11 6 5 11 7 6 11 8 7 11 9 8 11 10 9 11 14 10 12 14 11 8 4 3 8 9 4 13 14 12 15 14 13 16 14 15 18 13 12 18 19 13 23 18 17 23 19 18 23 20 19 23 21 20 23 22 21 23 29 22 24 29 23 20 16 15 20 21 16 27 29 24 30 29 27 28 29 30 25 27 24 25 26 27 31 28 30 31 32 28 "
,
["vertex-array"] =
"0.369217 -0.000005 -0.074390 0.369217 -0.000005 -0.002390 0.369217 -0.000005 0.191610 0.369217 -0.000005 0.263611 0.174218 -0.000005 -0.269390 0.174218 -0.000005 -0.115389 0.174218 -0.000005 -0.043390 0.174218 -0.000005 0.150610 0.174218 -0.000005 0.222610 0.174218 -0.000005 0.313610 0.105218 -0.000005 -0.269390 0.105218 -0.000005 -0.129389 0.105218 -0.000005 -0.057390 0.105218 -0.000005 0.313610 0.105218 -0.000005 0.136610 0.105218 -0.000005 0.208611 -0.064783 -0.000005 -0.269390 -0.064783 -0.000005 -0.165390 -0.064783 -0.000005 -0.093390 -0.064783 -0.000005 0.100611 -0.064783 -0.000005 0.172611 -0.064783 -0.000005 0.313610 -0.133783 -0.000005 -0.269390 -0.133783 -0.000005 -0.179390 -0.328782 -0.000005 -0.220390 -0.328782 -0.000005 -0.148390 -0.133783 -0.000005 -0.107389 -0.133783 -0.000005 0.158611 -0.133783 -0.000005 0.313610 -0.133783 -0.000005 0.086611 -0.328782 -0.000005 0.045610 -0.328782 -0.000005 0.117611 "
,
}
