node["shiva.geometry.mesh"] =
{
["name"] =
"P"
,
["index-array"] =
"55 10 1 10 2 1 55 44 10 55 52 44 55 56 52 52 45 44 45 46 43 52 46 45 42 46 41 43 46 42 52 47 46 42 41 40 37 41 36 38 41 37 39 41 38 40 41 39 37 36 35 34 36 33 35 36 34 34 33 32 31 33 30 32 33 31 31 30 29 29 30 28 29 28 27 26 28 25 27 28 26 26 25 24 23 25 22 24 25 23 23 22 21 19 22 18 20 22 19 21 22 20 19 18 17 15 18 14 16 18 15 17 18 16 15 14 13 11 14 9 12 14 11 13 14 12 10 11 9 10 9 8 10 3 2 10 4 3 10 5 4 10 6 5 10 7 6 10 8 7 52 48 47 52 49 48 52 50 49 52 51 50 52 54 51 52 53 54 "
,
["vertex-array"] =
"0.434509 -0.000505 -0.214954 0.434509 -0.000505 -0.001953 0.432715 -0.000505 0.033619 0.427491 -0.000505 0.065857 0.419072 -0.000505 0.094810 0.407694 -0.000505 0.120525 0.393595 -0.000505 0.143047 0.377009 -0.000505 0.162418 0.358173 -0.000505 0.178688 0.346509 -0.000505 -0.116955 0.346509 -0.000505 -0.001953 0.345418 -0.000505 0.019024 0.342278 -0.000505 0.037540 0.337324 -0.000505 0.191898 0.337290 -0.000505 0.053719 0.330657 -0.000505 0.067677 0.322580 -0.000505 0.079536 0.314697 -0.000505 0.202095 0.313259 -0.000505 0.089420 0.302897 -0.000505 0.097450 0.291694 -0.000505 0.103748 0.290528 -0.000505 0.209320 0.279853 -0.000505 0.108437 0.267574 -0.000505 0.111633 0.265053 -0.000505 0.213623 0.255059 -0.000505 0.113461 0.242509 -0.000505 0.114044 0.238509 -0.000505 0.215046 0.226119 -0.000505 0.113079 0.212273 -0.000505 0.213539 0.210972 -0.000505 0.110226 0.197103 -0.000505 0.105560 0.187208 -0.000505 0.208984 0.184546 -0.000505 0.099155 0.173337 -0.000505 0.091084 0.163525 -0.000505 0.201332 0.163509 -0.000505 0.081417 0.155098 -0.000505 0.070232 0.148139 -0.000505 0.057598 0.142665 -0.000505 0.043591 0.141435 -0.000505 0.190533 0.138713 -0.000505 0.028278 0.136316 -0.000505 0.011738 0.135509 -0.000505 -0.116955 0.135509 -0.000505 -0.005955 0.121151 -0.000505 0.176540 0.102884 -0.000505 0.159302 0.086846 -0.000505 0.138771 0.073250 -0.000505 0.114902 0.062306 -0.000505 0.087643 0.054227 -0.000505 0.056946 0.047509 -0.000505 -0.116955 0.047509 -0.000505 -0.014954 0.049224 -0.000505 0.022762 -0.247491 -0.000505 -0.214954 -0.247491 -0.000505 -0.116955 "
,
}
