node["shiva.geometry.mesh"] =
{
["name"] =
"{"
,
["index-array"] =
"3 2 1 3 10 2 4 10 3 5 10 4 6 10 5 7 10 6 8 10 7 11 10 8 9 10 11 15 12 11 12 9 11 15 13 12 15 14 13 15 16 14 19 16 15 19 17 16 19 18 17 19 20 18 22 20 19 22 21 20 22 23 21 25 23 22 25 24 23 25 26 24 28 26 25 28 27 26 28 29 27 30 29 28 30 31 29 32 31 30 32 33 31 34 33 32 34 36 33 35 36 34 37 36 35 37 38 36 39 38 37 39 40 38 41 40 39 41 42 40 43 42 41 43 45 42 44 45 43 46 45 44 46 49 45 47 49 46 48 49 47 50 49 48 50 51 49 58 51 50 58 53 51 58 54 53 58 55 54 58 56 55 58 57 56 58 60 57 59 60 58 54 52 53 61 60 59 61 63 60 62 63 61 64 63 62 64 66 63 65 66 64 67 66 65 67 68 66 69 68 67 69 70 68 71 70 69 71 72 70 73 72 71 73 75 72 74 75 73 76 75 74 76 77 75 78 77 76 78 79 77 80 79 78 80 81 79 83 81 80 83 82 81 83 84 82 86 84 83 86 85 84 86 87 85 89 87 86 89 88 87 89 90 88 93 90 89 93 91 90 93 92 91 93 94 92 99 94 93 99 95 94 99 96 95 99 97 96 99 98 97 99 107 98 100 107 99 101 107 100 102 107 101 103 107 102 105 107 103 104 107 105 106 107 104 "
,
["vertex-array"] =
"0.476689 0.000000 -0.000242 0.476689 0.000000 0.038758 0.475402 0.000000 -0.025514 0.471559 0.000000 -0.047914 0.465189 0.000000 -0.067571 0.456318 0.000000 -0.084613 0.444976 0.000000 -0.099169 0.431189 0.000000 -0.111367 0.400689 0.000000 0.023758 0.400689 0.000000 0.038758 0.414985 0.000000 -0.121337 0.400286 0.000000 0.007401 0.398971 0.000000 -0.006769 0.396579 0.000000 -0.018898 0.396392 0.000000 -0.129206 0.392948 0.000000 -0.029131 0.387914 0.000000 -0.037614 0.381314 0.000000 -0.044493 0.375439 0.000000 -0.135102 0.372984 0.000000 -0.049912 0.362763 0.000000 -0.054020 0.352152 0.000000 -0.139155 0.350486 0.000000 -0.056961 0.335990 0.000000 -0.058881 0.326559 0.000000 -0.141493 0.319112 0.000000 -0.059926 0.299689 0.000000 -0.060242 0.298689 0.000000 -0.142242 0.227689 0.000000 -0.060242 0.210689 0.000000 -0.142242 0.195612 0.000000 -0.060817 0.186054 0.000000 -0.142664 0.166740 0.000000 -0.062590 0.163198 0.000000 -0.144030 0.142189 0.000000 -0.146493 0.140861 0.000000 -0.065633 0.123096 0.000000 -0.150206 0.117763 0.000000 -0.070020 0.105990 0.000000 -0.155321 0.097234 0.000000 -0.075824 0.090939 0.000000 -0.161992 0.079064 0.000000 -0.083117 0.078013 0.000000 -0.170372 0.067281 0.000000 -0.180613 0.063039 0.000000 -0.091973 0.058814 0.000000 -0.192867 0.052679 0.000000 -0.207289 0.048948 0.000000 -0.224029 0.048948 0.000000 -0.102465 0.047689 0.000000 -0.243242 0.036579 0.000000 -0.114664 0.016161 0.000000 -0.144480 0.025721 0.000000 -0.128645 0.007689 0.000000 -0.162242 -0.000784 0.000000 -0.144480 -0.010344 0.000000 -0.128645 -0.021202 0.000000 -0.114664 -0.032311 0.000000 -0.243242 -0.033570 0.000000 -0.224029 -0.033571 0.000000 -0.102465 -0.037302 0.000000 -0.207289 -0.043436 0.000000 -0.192867 -0.047661 0.000000 -0.091973 -0.051904 0.000000 -0.180613 -0.062635 0.000000 -0.170372 -0.063686 0.000000 -0.083117 -0.075561 0.000000 -0.161992 -0.081857 0.000000 -0.075824 -0.090612 0.000000 -0.155321 -0.102385 0.000000 -0.070020 -0.107719 0.000000 -0.150206 -0.125483 0.000000 -0.065633 -0.126811 0.000000 -0.146493 -0.147821 0.000000 -0.144030 -0.151362 0.000000 -0.062590 -0.170677 0.000000 -0.142664 -0.180234 0.000000 -0.060817 -0.195311 0.000000 -0.142242 -0.212311 0.000000 -0.060242 -0.283311 0.000000 -0.142242 -0.284311 0.000000 -0.060242 -0.303734 0.000000 -0.059926 -0.311182 0.000000 -0.141492 -0.320612 0.000000 -0.058881 -0.335108 0.000000 -0.056961 -0.336774 0.000000 -0.139154 -0.347385 0.000000 -0.054020 -0.357607 0.000000 -0.049912 -0.360061 0.000000 -0.135101 -0.365936 0.000000 -0.044493 -0.372536 0.000000 -0.037614 -0.377571 0.000000 -0.029131 -0.381015 0.000000 -0.129205 -0.381202 0.000000 -0.018898 -0.383594 0.000000 -0.006769 -0.384909 0.000000 0.007401 -0.385311 0.000000 0.023758 -0.385311 0.000000 0.038758 -0.399608 0.000000 -0.121336 -0.415811 0.000000 -0.111366 -0.429598 0.000000 -0.099168 -0.440941 0.000000 -0.084612 -0.449811 0.000000 -0.067570 -0.460024 0.000000 -0.025513 -0.456182 0.000000 -0.047913 -0.461311 0.000000 -0.000242 -0.461311 0.000000 0.038758 "
,
}
