node["shiva.geometry.mesh"] =
{
["name"] =
"."
,
["index-array"] =
"2 3 1 4 3 2 4 5 3 6 5 4 6 7 5 8 7 6 8 9 7 10 9 8 10 11 9 12 11 10 12 13 11 14 13 12 14 15 13 16 15 14 16 17 15 18 17 16 18 19 17 20 19 18 20 21 19 23 21 20 23 22 21 23 25 22 24 25 23 26 25 24 26 27 25 28 27 26 28 29 27 30 29 28 30 31 29 32 31 30 32 33 31 34 33 32 34 35 33 36 35 34 36 37 35 38 37 36 38 39 37 40 39 38 40 41 39 42 41 40 42 43 41 44 43 42 44 46 43 45 46 44 45 48 46 47 48 45 "
,
["vertex-array"] =
"-0.141593 0.000000 -0.179813 -0.142144 0.000000 -0.187925 -0.142144 0.000000 -0.171703 -0.143746 0.000000 -0.195715 -0.143746 0.000000 -0.163914 -0.146328 0.000000 -0.203110 -0.146328 0.000000 -0.156519 -0.149816 0.000000 -0.210035 -0.149816 0.000000 -0.149593 -0.154137 0.000000 -0.216419 -0.154137 0.000000 -0.143209 -0.159218 0.000000 -0.222189 -0.159218 0.000000 -0.137440 -0.164988 0.000000 -0.227270 -0.164988 0.000000 -0.132359 -0.171371 0.000000 -0.231592 -0.171371 0.000000 -0.128036 -0.178297 0.000000 -0.235081 -0.178297 0.000000 -0.124548 -0.185691 0.000000 -0.237663 -0.185691 0.000000 -0.121965 -0.193481 0.000000 -0.120363 -0.193481 0.000000 -0.239265 -0.201593 0.000000 -0.239813 -0.201593 0.000000 -0.119812 -0.209706 0.000000 -0.239262 -0.209706 0.000000 -0.120359 -0.217496 0.000000 -0.237659 -0.217496 0.000000 -0.121961 -0.224890 0.000000 -0.235077 -0.224890 0.000000 -0.124544 -0.231816 0.000000 -0.231588 -0.231816 0.000000 -0.128033 -0.238199 0.000000 -0.227266 -0.238199 0.000000 -0.132355 -0.243968 0.000000 -0.222185 -0.243968 0.000000 -0.137436 -0.249050 0.000000 -0.216415 -0.249050 0.000000 -0.143206 -0.253371 0.000000 -0.210031 -0.253371 0.000000 -0.149589 -0.256859 0.000000 -0.203106 -0.256859 0.000000 -0.156515 -0.259441 0.000000 -0.195711 -0.261043 0.000000 -0.187921 -0.259441 0.000000 -0.163910 -0.261593 0.000000 -0.179813 -0.261043 0.000000 -0.171699 "
,
}
